,frame_num,car,imdb_id
0,0,0,26097
1,24,0,26097
2,48,0,26097
3,72,0,26097
4,96,0,26097
5,120,0,26097
6,144,0,26097
7,168,0,26097
8,192,0,26097
9,216,0,26097
10,240,0,26097
11,264,0,26097
12,288,0,26097
13,312,0,26097
14,336,0,26097
15,360,0,26097
16,384,0,26097
17,408,0,26097
18,432,0,26097
19,456,1,26097
20,480,0,26097
21,504,0,26097
22,528,0,26097
23,552,0,26097
24,576,0,26097
25,600,0,26097
26,624,0,26097
27,648,0,26097
28,672,0,26097
29,696,0,26097
30,720,0,26097
31,744,0,26097
32,768,0,26097
33,792,0,26097
34,816,0,26097
35,840,0,26097
36,864,0,26097
37,888,0,26097
38,912,0,26097
39,936,0,26097
40,960,0,26097
41,984,0,26097
42,1008,0,26097
43,1032,0,26097
44,1056,0,26097
45,1080,0,26097
46,1104,0,26097
47,1128,0,26097
48,1152,0,26097
49,1176,0,26097
50,1200,0,26097
51,1224,0,26097
52,1248,0,26097
53,1272,0,26097
54,1296,0,26097
55,1320,0,26097
56,1344,0,26097
57,1368,0,26097
58,1392,0,26097
59,1416,0,26097
60,1440,0,26097
61,1464,0,26097
62,1488,0,26097
63,1512,0,26097
64,1536,0,26097
65,1560,0,26097
66,1584,0,26097
67,1608,0,26097
68,1632,0,26097
69,1656,0,26097
70,1680,0,26097
71,1704,0,26097
72,1728,0,26097
73,1752,0,26097
74,1776,0,26097
75,1800,0,26097
76,1824,0,26097
77,1848,0,26097
78,1872,0,26097
79,1896,0,26097
80,1920,0,26097
81,1944,0,26097
82,1968,0,26097
83,1992,0,26097
84,2016,0,26097
85,2040,0,26097
86,2064,0,26097
87,2088,0,26097
88,2112,0,26097
89,2136,0,26097
90,2160,0,26097
91,2184,0,26097
92,2208,1,26097
93,2232,1,26097
94,2256,1,26097
95,2280,1,26097
96,2304,0,26097
97,2328,1,26097
98,2352,1,26097
99,2376,0,26097
100,2400,0,26097
101,2424,0,26097
102,2448,0,26097
103,2472,0,26097
104,2496,0,26097
105,2520,0,26097
106,2544,0,26097
107,2568,0,26097
108,2592,0,26097
109,2616,0,26097
110,2640,0,26097
111,2664,0,26097
112,2688,0,26097
113,2712,0,26097
114,2736,0,26097
115,2760,0,26097
116,2784,0,26097
117,2808,0,26097
118,2832,0,26097
119,2856,0,26097
120,2880,0,26097
121,2904,0,26097
122,2928,0,26097
123,2952,0,26097
124,2976,0,26097
125,3000,0,26097
126,3024,0,26097
127,3048,0,26097
128,3072,0,26097
129,3096,0,26097
130,3120,0,26097
131,3144,0,26097
132,3168,0,26097
133,3192,0,26097
134,3216,0,26097
135,3240,0,26097
136,3264,0,26097
137,3288,0,26097
138,3312,0,26097
139,3336,0,26097
140,3360,0,26097
141,3384,0,26097
142,3408,0,26097
143,3432,0,26097
144,3456,0,26097
145,3480,0,26097
146,3504,0,26097
147,3528,0,26097
148,3552,0,26097
149,3576,0,26097
150,3600,0,26097
151,3624,0,26097
152,3648,0,26097
153,3672,0,26097
154,3696,0,26097
155,3720,0,26097
156,3744,0,26097
157,3768,0,26097
158,3792,0,26097
159,3816,0,26097
160,3840,0,26097
161,3864,0,26097
162,3888,0,26097
163,3912,0,26097
164,3936,0,26097
165,3960,0,26097
166,3984,0,26097
167,4008,0,26097
168,4032,0,26097
169,4056,0,26097
170,4080,0,26097
171,4104,0,26097
172,4128,0,26097
173,4152,0,26097
174,4176,0,26097
175,4200,0,26097
176,4224,0,26097
177,4248,0,26097
178,4272,0,26097
179,4296,0,26097
180,4320,0,26097
181,4344,0,26097
182,4368,0,26097
183,4392,0,26097
184,4416,0,26097
185,4440,0,26097
186,4464,0,26097
187,4488,0,26097
188,4512,0,26097
189,4536,0,26097
190,4560,0,26097
191,4584,0,26097
192,4608,0,26097
193,4632,0,26097
194,4656,0,26097
195,4680,0,26097
196,4704,0,26097
197,4728,0,26097
198,4752,0,26097
199,4776,0,26097
200,4800,0,26097
201,4824,0,26097
202,4848,0,26097
203,4872,0,26097
204,4896,0,26097
205,4920,0,26097
206,4944,0,26097
207,4968,0,26097
208,4992,0,26097
209,5016,0,26097
210,5040,0,26097
211,5064,0,26097
212,5088,0,26097
213,5112,0,26097
214,5136,0,26097
215,5160,0,26097
216,5184,0,26097
217,5208,0,26097
218,5232,0,26097
219,5256,0,26097
220,5280,0,26097
221,5304,0,26097
222,5328,0,26097
223,5352,0,26097
224,5376,0,26097
225,5400,0,26097
226,5424,0,26097
227,5448,0,26097
228,5472,0,26097
229,5496,0,26097
230,5520,0,26097
231,5544,0,26097
232,5568,0,26097
233,5592,0,26097
234,5616,0,26097
235,5640,0,26097
236,5664,0,26097
237,5688,0,26097
238,5712,0,26097
239,5736,0,26097
240,5760,0,26097
241,5784,0,26097
242,5808,0,26097
243,5832,0,26097
244,5856,0,26097
245,5880,0,26097
246,5904,0,26097
247,5928,0,26097
248,5952,0,26097
249,5976,0,26097
250,6000,0,26097
251,6024,0,26097
252,6048,0,26097
253,6072,0,26097
254,6096,0,26097
255,6120,0,26097
256,6144,0,26097
257,6168,0,26097
258,6192,0,26097
259,6216,0,26097
260,6240,0,26097
261,6264,0,26097
262,6288,0,26097
263,6312,0,26097
264,6336,0,26097
265,6360,0,26097
266,6384,0,26097
267,6408,0,26097
268,6432,0,26097
269,6456,0,26097
270,6480,0,26097
271,6504,0,26097
272,6528,0,26097
273,6552,0,26097
274,6576,0,26097
275,6600,0,26097
276,6624,0,26097
277,6648,0,26097
278,6672,0,26097
279,6696,0,26097
280,6720,0,26097
281,6744,0,26097
282,6768,0,26097
283,6792,0,26097
284,6816,0,26097
285,6840,0,26097
286,6864,0,26097
287,6888,0,26097
288,6912,0,26097
289,6936,0,26097
290,6960,0,26097
291,6984,0,26097
292,7008,0,26097
293,7032,0,26097
294,7056,0,26097
295,7080,0,26097
296,7104,0,26097
297,7128,0,26097
298,7152,0,26097
299,7176,0,26097
300,7200,0,26097
301,7224,0,26097
302,7248,0,26097
303,7272,0,26097
304,7296,0,26097
305,7320,0,26097
306,7344,0,26097
307,7368,0,26097
308,7392,0,26097
309,7416,0,26097
310,7440,0,26097
311,7464,0,26097
312,7488,0,26097
313,7512,0,26097
314,7536,0,26097
315,7560,0,26097
316,7584,0,26097
317,7608,0,26097
318,7632,0,26097
319,7656,0,26097
320,7680,0,26097
321,7704,1,26097
322,7728,1,26097
323,7752,1,26097
324,7776,1,26097
325,7800,1,26097
326,7824,0,26097
327,7848,0,26097
328,7872,0,26097
329,7896,0,26097
330,7920,0,26097
331,7944,0,26097
332,7968,0,26097
333,7992,0,26097
334,8016,0,26097
335,8040,0,26097
336,8064,0,26097
337,8088,0,26097
338,8112,0,26097
339,8136,0,26097
340,8160,0,26097
341,8184,0,26097
342,8208,0,26097
343,8232,0,26097
344,8256,0,26097
345,8280,0,26097
346,8304,0,26097
347,8328,0,26097
348,8352,0,26097
349,8376,0,26097
350,8400,0,26097
351,8424,0,26097
352,8448,0,26097
353,8472,0,26097
354,8496,0,26097
355,8520,0,26097
356,8544,0,26097
357,8568,0,26097
358,8592,0,26097
359,8616,0,26097
360,8640,0,26097
361,8664,0,26097
362,8688,0,26097
363,8712,0,26097
364,8736,0,26097
365,8760,0,26097
366,8784,0,26097
367,8808,0,26097
368,8832,0,26097
369,8856,0,26097
370,8880,0,26097
371,8904,0,26097
372,8928,0,26097
373,8952,0,26097
374,8976,0,26097
375,9000,0,26097
376,9024,0,26097
377,9048,0,26097
378,9072,0,26097
379,9096,0,26097
380,9120,0,26097
381,9144,0,26097
382,9168,0,26097
383,9192,0,26097
384,9216,0,26097
385,9240,1,26097
386,9264,1,26097
387,9288,0,26097
388,9312,0,26097
389,9336,0,26097
390,9360,0,26097
391,9384,0,26097
392,9408,0,26097
393,9432,0,26097
394,9456,0,26097
395,9480,0,26097
396,9504,0,26097
397,9528,0,26097
398,9552,0,26097
399,9576,0,26097
400,9600,0,26097
401,9624,0,26097
402,9648,0,26097
403,9672,0,26097
404,9696,0,26097
405,9720,0,26097
406,9744,0,26097
407,9768,0,26097
408,9792,0,26097
409,9816,0,26097
410,9840,0,26097
411,9864,0,26097
412,9888,0,26097
413,9912,1,26097
414,9936,1,26097
415,9960,1,26097
416,9984,1,26097
417,10008,1,26097
418,10032,0,26097
419,10056,0,26097
420,10080,1,26097
421,10104,1,26097
422,10128,1,26097
423,10152,1,26097
424,10176,1,26097
425,10200,1,26097
426,10224,0,26097
427,10248,1,26097
428,10272,0,26097
429,10296,0,26097
430,10320,0,26097
431,10344,0,26097
432,10368,0,26097
433,10392,0,26097
434,10416,0,26097
435,10440,0,26097
436,10464,0,26097
437,10488,0,26097
438,10512,1,26097
439,10536,0,26097
440,10560,0,26097
441,10584,0,26097
442,10608,1,26097
443,10632,1,26097
444,10656,1,26097
445,10680,0,26097
446,10704,0,26097
447,10728,0,26097
448,10752,0,26097
449,10776,0,26097
450,10800,0,26097
451,10824,0,26097
452,10848,0,26097
453,10872,0,26097
454,10896,0,26097
455,10920,0,26097
456,10944,0,26097
457,10968,0,26097
458,10992,0,26097
459,11016,0,26097
460,11040,0,26097
461,11064,0,26097
462,11088,0,26097
463,11112,0,26097
464,11136,0,26097
465,11160,0,26097
466,11184,0,26097
467,11208,0,26097
468,11232,0,26097
469,11256,0,26097
470,11280,0,26097
471,11304,0,26097
472,11328,0,26097
473,11352,0,26097
474,11376,0,26097
475,11400,0,26097
476,11424,0,26097
477,11448,0,26097
478,11472,0,26097
479,11496,0,26097
480,11520,0,26097
481,11544,0,26097
482,11568,0,26097
483,11592,0,26097
484,11616,0,26097
485,11640,0,26097
486,11664,0,26097
487,11688,0,26097
488,11712,0,26097
489,11736,0,26097
490,11760,0,26097
491,11784,0,26097
492,11808,0,26097
493,11832,0,26097
494,11856,0,26097
495,11880,0,26097
496,11904,0,26097
497,11928,0,26097
498,11952,0,26097
499,11976,0,26097
500,12000,0,26097
501,12024,0,26097
502,12048,0,26097
503,12072,0,26097
504,12096,0,26097
505,12120,0,26097
506,12144,0,26097
507,12168,0,26097
508,12192,0,26097
509,12216,0,26097
510,12240,0,26097
511,12264,0,26097
512,12288,0,26097
513,12312,0,26097
514,12336,0,26097
515,12360,0,26097
516,12384,0,26097
517,12408,0,26097
518,12432,0,26097
519,12456,0,26097
520,12480,0,26097
521,12504,0,26097
522,12528,0,26097
523,12552,0,26097
524,12576,0,26097
525,12600,0,26097
526,12624,0,26097
527,12648,0,26097
528,12672,0,26097
529,12696,0,26097
530,12720,0,26097
531,12744,0,26097
532,12768,0,26097
533,12792,0,26097
534,12816,0,26097
535,12840,0,26097
536,12864,0,26097
537,12888,0,26097
538,12912,0,26097
539,12936,0,26097
540,12960,0,26097
541,12984,0,26097
542,13008,0,26097
543,13032,0,26097
544,13056,0,26097
545,13080,0,26097
546,13104,0,26097
547,13128,0,26097
548,13152,0,26097
549,13176,0,26097
550,13200,0,26097
551,13224,0,26097
552,13248,0,26097
553,13272,0,26097
554,13296,0,26097
555,13320,0,26097
556,13344,0,26097
557,13368,0,26097
558,13392,0,26097
559,13416,0,26097
560,13440,0,26097
561,13464,0,26097
562,13488,0,26097
563,13512,0,26097
564,13536,0,26097
565,13560,0,26097
566,13584,0,26097
567,13608,0,26097
568,13632,0,26097
569,13656,0,26097
570,13680,0,26097
571,13704,0,26097
572,13728,0,26097
573,13752,0,26097
574,13776,0,26097
575,13800,0,26097
576,13824,0,26097
577,13848,0,26097
578,13872,0,26097
579,13896,0,26097
580,13920,0,26097
581,13944,0,26097
582,13968,0,26097
583,13992,0,26097
584,14016,0,26097
585,14040,0,26097
586,14064,0,26097
587,14088,0,26097
588,14112,0,26097
589,14136,0,26097
590,14160,0,26097
591,14184,0,26097
592,14208,0,26097
593,14232,0,26097
594,14256,0,26097
595,14280,0,26097
596,14304,0,26097
597,14328,0,26097
598,14352,0,26097
599,14376,0,26097
600,14400,0,26097
601,14424,0,26097
602,14448,0,26097
603,14472,0,26097
604,14496,0,26097
605,14520,0,26097
606,14544,0,26097
607,14568,0,26097
608,14592,0,26097
609,14616,0,26097
610,14640,0,26097
611,14664,0,26097
612,14688,0,26097
613,14712,0,26097
614,14736,0,26097
615,14760,0,26097
616,14784,0,26097
617,14808,0,26097
618,14832,0,26097
619,14856,0,26097
620,14880,0,26097
621,14904,0,26097
622,14928,0,26097
623,14952,0,26097
624,14976,0,26097
625,15000,0,26097
626,15024,0,26097
627,15048,0,26097
628,15072,0,26097
629,15096,0,26097
630,15120,0,26097
631,15144,0,26097
632,15168,0,26097
633,15192,0,26097
634,15216,0,26097
635,15240,0,26097
636,15264,0,26097
637,15288,0,26097
638,15312,0,26097
639,15336,0,26097
640,15360,0,26097
641,15384,0,26097
642,15408,0,26097
643,15432,0,26097
644,15456,0,26097
645,15480,0,26097
646,15504,0,26097
647,15528,0,26097
648,15552,0,26097
649,15576,0,26097
650,15600,0,26097
651,15624,0,26097
652,15648,0,26097
653,15672,0,26097
654,15696,0,26097
655,15720,0,26097
656,15744,0,26097
657,15768,0,26097
658,15792,0,26097
659,15816,0,26097
660,15840,0,26097
661,15864,0,26097
662,15888,0,26097
663,15912,0,26097
664,15936,0,26097
665,15960,0,26097
666,15984,0,26097
667,16008,0,26097
668,16032,0,26097
669,16056,0,26097
670,16080,0,26097
671,16104,0,26097
672,16128,0,26097
673,16152,0,26097
674,16176,0,26097
675,16200,0,26097
676,16224,0,26097
677,16248,0,26097
678,16272,0,26097
679,16296,0,26097
680,16320,0,26097
681,16344,0,26097
682,16368,0,26097
683,16392,0,26097
684,16416,0,26097
685,16440,0,26097
686,16464,0,26097
687,16488,0,26097
688,16512,0,26097
689,16536,0,26097
690,16560,0,26097
691,16584,0,26097
692,16608,0,26097
693,16632,0,26097
694,16656,0,26097
695,16680,0,26097
696,16704,0,26097
697,16728,0,26097
698,16752,0,26097
699,16776,0,26097
700,16800,0,26097
701,16824,0,26097
702,16848,0,26097
703,16872,0,26097
704,16896,0,26097
705,16920,0,26097
706,16944,0,26097
707,16968,0,26097
708,16992,0,26097
709,17016,0,26097
710,17040,0,26097
711,17064,0,26097
712,17088,0,26097
713,17112,0,26097
714,17136,0,26097
715,17160,0,26097
716,17184,0,26097
717,17208,0,26097
718,17232,0,26097
719,17256,0,26097
720,17280,0,26097
721,17304,0,26097
722,17328,0,26097
723,17352,0,26097
724,17376,0,26097
725,17400,0,26097
726,17424,0,26097
727,17448,0,26097
728,17472,0,26097
729,17496,0,26097
730,17520,0,26097
731,17544,0,26097
732,17568,0,26097
733,17592,0,26097
734,17616,0,26097
735,17640,0,26097
736,17664,0,26097
737,17688,0,26097
738,17712,0,26097
739,17736,0,26097
740,17760,0,26097
741,17784,0,26097
742,17808,0,26097
743,17832,0,26097
744,17856,0,26097
745,17880,0,26097
746,17904,0,26097
747,17928,0,26097
748,17952,0,26097
749,17976,0,26097
750,18000,0,26097
751,18024,0,26097
752,18048,0,26097
753,18072,0,26097
754,18096,0,26097
755,18120,0,26097
756,18144,0,26097
757,18168,0,26097
758,18192,0,26097
759,18216,0,26097
760,18240,0,26097
761,18264,0,26097
762,18288,0,26097
763,18312,0,26097
764,18336,0,26097
765,18360,0,26097
766,18384,0,26097
767,18408,0,26097
768,18432,0,26097
769,18456,0,26097
770,18480,0,26097
771,18504,0,26097
772,18528,0,26097
773,18552,0,26097
774,18576,0,26097
775,18600,0,26097
776,18624,0,26097
777,18648,0,26097
778,18672,0,26097
779,18696,0,26097
780,18720,0,26097
781,18744,0,26097
782,18768,0,26097
783,18792,0,26097
784,18816,0,26097
785,18840,0,26097
786,18864,0,26097
787,18888,0,26097
788,18912,0,26097
789,18936,0,26097
790,18960,0,26097
791,18984,0,26097
792,19008,0,26097
793,19032,0,26097
794,19056,0,26097
795,19080,0,26097
796,19104,0,26097
797,19128,0,26097
798,19152,0,26097
799,19176,1,26097
800,19200,0,26097
801,19224,0,26097
802,19248,0,26097
803,19272,0,26097
804,19296,0,26097
805,19320,0,26097
806,19344,0,26097
807,19368,0,26097
808,19392,0,26097
809,19416,0,26097
810,19440,0,26097
811,19464,0,26097
812,19488,0,26097
813,19512,0,26097
814,19536,0,26097
815,19560,0,26097
816,19584,0,26097
817,19608,0,26097
818,19632,0,26097
819,19656,0,26097
820,19680,0,26097
821,19704,0,26097
822,19728,0,26097
823,19752,0,26097
824,19776,0,26097
825,19800,0,26097
826,19824,0,26097
827,19848,0,26097
828,19872,0,26097
829,19896,0,26097
830,19920,0,26097
831,19944,0,26097
832,19968,0,26097
833,19992,0,26097
834,20016,0,26097
835,20040,0,26097
836,20064,0,26097
837,20088,0,26097
838,20112,0,26097
839,20136,0,26097
840,20160,0,26097
841,20184,0,26097
842,20208,0,26097
843,20232,0,26097
844,20256,0,26097
845,20280,0,26097
846,20304,0,26097
847,20328,0,26097
848,20352,0,26097
849,20376,0,26097
850,20400,0,26097
851,20424,0,26097
852,20448,0,26097
853,20472,0,26097
854,20496,0,26097
855,20520,0,26097
856,20544,0,26097
857,20568,0,26097
858,20592,0,26097
859,20616,0,26097
860,20640,0,26097
861,20664,0,26097
862,20688,0,26097
863,20712,0,26097
864,20736,0,26097
865,20760,0,26097
866,20784,0,26097
867,20808,0,26097
868,20832,0,26097
869,20856,0,26097
870,20880,0,26097
871,20904,0,26097
872,20928,0,26097
873,20952,0,26097
874,20976,0,26097
875,21000,0,26097
876,21024,0,26097
877,21048,0,26097
878,21072,0,26097
879,21096,0,26097
880,21120,0,26097
881,21144,0,26097
882,21168,0,26097
883,21192,0,26097
884,21216,0,26097
885,21240,0,26097
886,21264,0,26097
887,21288,0,26097
888,21312,0,26097
889,21336,0,26097
890,21360,0,26097
891,21384,0,26097
892,21408,0,26097
893,21432,0,26097
894,21456,0,26097
895,21480,0,26097
896,21504,0,26097
897,21528,0,26097
898,21552,0,26097
899,21576,0,26097
900,21600,0,26097
901,21624,0,26097
902,21648,0,26097
903,21672,0,26097
904,21696,0,26097
905,21720,0,26097
906,21744,0,26097
907,21768,1,26097
908,21792,0,26097
909,21816,0,26097
910,21840,0,26097
911,21864,0,26097
912,21888,0,26097
913,21912,0,26097
914,21936,0,26097
915,21960,0,26097
916,21984,0,26097
917,22008,0,26097
918,22032,0,26097
919,22056,0,26097
920,22080,0,26097
921,22104,0,26097
922,22128,0,26097
923,22152,0,26097
924,22176,0,26097
925,22200,0,26097
926,22224,0,26097
927,22248,0,26097
928,22272,0,26097
929,22296,0,26097
930,22320,0,26097
931,22344,0,26097
932,22368,0,26097
933,22392,0,26097
934,22416,0,26097
935,22440,0,26097
936,22464,0,26097
937,22488,0,26097
938,22512,0,26097
939,22536,0,26097
940,22560,0,26097
941,22584,0,26097
942,22608,0,26097
943,22632,0,26097
944,22656,0,26097
945,22680,0,26097
946,22704,0,26097
947,22728,0,26097
948,22752,0,26097
949,22776,0,26097
950,22800,0,26097
951,22824,1,26097
952,22848,0,26097
953,22872,0,26097
954,22896,0,26097
955,22920,0,26097
956,22944,0,26097
957,22968,0,26097
958,22992,0,26097
959,23016,0,26097
960,23040,0,26097
961,23064,0,26097
962,23088,0,26097
963,23112,1,26097
964,23136,0,26097
965,23160,0,26097
966,23184,0,26097
967,23208,0,26097
968,23232,0,26097
969,23256,0,26097
970,23280,0,26097
971,23304,0,26097
972,23328,0,26097
973,23352,0,26097
974,23376,0,26097
975,23400,0,26097
976,23424,0,26097
977,23448,0,26097
978,23472,0,26097
979,23496,0,26097
980,23520,0,26097
981,23544,0,26097
982,23568,0,26097
983,23592,0,26097
984,23616,0,26097
985,23640,0,26097
986,23664,0,26097
987,23688,0,26097
988,23712,0,26097
989,23736,0,26097
990,23760,0,26097
991,23784,0,26097
992,23808,0,26097
993,23832,0,26097
994,23856,1,26097
995,23880,0,26097
996,23904,0,26097
997,23928,0,26097
998,23952,0,26097
999,23976,0,26097
1000,24000,0,26097
1001,24024,0,26097
1002,24048,0,26097
1003,24072,0,26097
1004,24096,0,26097
1005,24120,0,26097
1006,24144,0,26097
1007,24168,0,26097
1008,24192,0,26097
1009,24216,0,26097
1010,24240,1,26097
1011,24264,0,26097
1012,24288,0,26097
1013,24312,0,26097
1014,24336,0,26097
1015,24360,0,26097
1016,24384,0,26097
1017,24408,0,26097
1018,24432,0,26097
1019,24456,0,26097
1020,24480,0,26097
1021,24504,0,26097
1022,24528,0,26097
1023,24552,0,26097
1024,24576,0,26097
1025,24600,0,26097
1026,24624,0,26097
1027,24648,0,26097
1028,24672,0,26097
1029,24696,0,26097
1030,24720,0,26097
1031,24744,0,26097
1032,24768,0,26097
1033,24792,0,26097
1034,24816,0,26097
1035,24840,0,26097
1036,24864,0,26097
1037,24888,0,26097
1038,24912,0,26097
1039,24936,0,26097
1040,24960,0,26097
1041,24984,0,26097
1042,25008,0,26097
1043,25032,0,26097
1044,25056,0,26097
1045,25080,0,26097
1046,25104,0,26097
1047,25128,0,26097
1048,25152,0,26097
1049,25176,0,26097
1050,25200,0,26097
1051,25224,0,26097
1052,25248,0,26097
1053,25272,0,26097
1054,25296,0,26097
1055,25320,0,26097
1056,25344,0,26097
1057,25368,0,26097
1058,25392,0,26097
1059,25416,0,26097
1060,25440,0,26097
1061,25464,0,26097
1062,25488,0,26097
1063,25512,0,26097
1064,25536,0,26097
1065,25560,0,26097
1066,25584,0,26097
1067,25608,0,26097
1068,25632,0,26097
1069,25656,0,26097
1070,25680,0,26097
1071,25704,0,26097
1072,25728,0,26097
1073,25752,0,26097
1074,25776,0,26097
1075,25800,0,26097
1076,25824,0,26097
1077,25848,0,26097
1078,25872,0,26097
1079,25896,0,26097
1080,25920,0,26097
1081,25944,0,26097
1082,25968,0,26097
1083,25992,0,26097
1084,26016,0,26097
1085,26040,0,26097
1086,26064,0,26097
1087,26088,0,26097
1088,26112,0,26097
1089,26136,0,26097
1090,26160,0,26097
1091,26184,0,26097
1092,26208,0,26097
1093,26232,0,26097
1094,26256,0,26097
1095,26280,0,26097
1096,26304,0,26097
1097,26328,0,26097
1098,26352,0,26097
1099,26376,0,26097
1100,26400,0,26097
1101,26424,0,26097
1102,26448,0,26097
1103,26472,0,26097
1104,26496,0,26097
1105,26520,0,26097
1106,26544,0,26097
1107,26568,0,26097
1108,26592,0,26097
1109,26616,0,26097
1110,26640,0,26097
1111,26664,0,26097
1112,26688,0,26097
1113,26712,0,26097
1114,26736,0,26097
1115,26760,0,26097
1116,26784,0,26097
1117,26808,0,26097
1118,26832,0,26097
1119,26856,0,26097
1120,26880,0,26097
1121,26904,0,26097
1122,26928,0,26097
1123,26952,0,26097
1124,26976,0,26097
1125,27000,0,26097
1126,27024,0,26097
1127,27048,0,26097
1128,27072,0,26097
1129,27096,0,26097
1130,27120,0,26097
1131,27144,0,26097
1132,27168,0,26097
1133,27192,0,26097
1134,27216,0,26097
1135,27240,0,26097
1136,27264,0,26097
1137,27288,0,26097
1138,27312,0,26097
1139,27336,0,26097
1140,27360,0,26097
1141,27384,0,26097
1142,27408,0,26097
1143,27432,0,26097
1144,27456,0,26097
1145,27480,0,26097
1146,27504,0,26097
1147,27528,0,26097
1148,27552,0,26097
1149,27576,0,26097
1150,27600,0,26097
1151,27624,0,26097
1152,27648,0,26097
1153,27672,0,26097
1154,27696,0,26097
1155,27720,0,26097
1156,27744,0,26097
1157,27768,0,26097
1158,27792,0,26097
1159,27816,0,26097
1160,27840,0,26097
1161,27864,0,26097
1162,27888,0,26097
1163,27912,0,26097
1164,27936,0,26097
1165,27960,0,26097
1166,27984,0,26097
1167,28008,0,26097
1168,28032,0,26097
1169,28056,0,26097
1170,28080,0,26097
1171,28104,0,26097
1172,28128,0,26097
1173,28152,1,26097
1174,28176,0,26097
1175,28200,1,26097
1176,28224,1,26097
1177,28248,0,26097
1178,28272,0,26097
1179,28296,0,26097
1180,28320,0,26097
1181,28344,0,26097
1182,28368,0,26097
1183,28392,0,26097
1184,28416,0,26097
1185,28440,0,26097
1186,28464,0,26097
1187,28488,0,26097
1188,28512,0,26097
1189,28536,0,26097
1190,28560,0,26097
1191,28584,0,26097
1192,28608,0,26097
1193,28632,0,26097
1194,28656,0,26097
1195,28680,0,26097
1196,28704,0,26097
1197,28728,0,26097
1198,28752,0,26097
1199,28776,0,26097
1200,28800,0,26097
1201,28824,0,26097
1202,28848,0,26097
1203,28872,0,26097
1204,28896,0,26097
1205,28920,0,26097
1206,28944,0,26097
1207,28968,0,26097
1208,28992,0,26097
1209,29016,0,26097
1210,29040,0,26097
1211,29064,0,26097
1212,29088,0,26097
1213,29112,0,26097
1214,29136,0,26097
1215,29160,0,26097
1216,29184,0,26097
1217,29208,0,26097
1218,29232,0,26097
1219,29256,0,26097
1220,29280,0,26097
1221,29304,0,26097
1222,29328,0,26097
1223,29352,0,26097
1224,29376,0,26097
1225,29400,0,26097
1226,29424,0,26097
1227,29448,0,26097
1228,29472,0,26097
1229,29496,0,26097
1230,29520,0,26097
1231,29544,0,26097
1232,29568,0,26097
1233,29592,0,26097
1234,29616,0,26097
1235,29640,0,26097
1236,29664,0,26097
1237,29688,0,26097
1238,29712,0,26097
1239,29736,0,26097
1240,29760,0,26097
1241,29784,0,26097
1242,29808,0,26097
1243,29832,0,26097
1244,29856,0,26097
1245,29880,0,26097
1246,29904,0,26097
1247,29928,0,26097
1248,29952,0,26097
1249,29976,0,26097
1250,30000,0,26097
1251,30024,0,26097
1252,30048,0,26097
1253,30072,0,26097
1254,30096,0,26097
1255,30120,0,26097
1256,30144,0,26097
1257,30168,0,26097
1258,30192,0,26097
1259,30216,0,26097
1260,30240,0,26097
1261,30264,0,26097
1262,30288,0,26097
1263,30312,0,26097
1264,30336,0,26097
1265,30360,0,26097
1266,30384,0,26097
1267,30408,0,26097
1268,30432,0,26097
1269,30456,0,26097
1270,30480,0,26097
1271,30504,0,26097
1272,30528,0,26097
1273,30552,0,26097
1274,30576,0,26097
1275,30600,0,26097
1276,30624,0,26097
1277,30648,0,26097
1278,30672,0,26097
1279,30696,0,26097
1280,30720,0,26097
1281,30744,0,26097
1282,30768,0,26097
1283,30792,0,26097
1284,30816,0,26097
1285,30840,0,26097
1286,30864,0,26097
1287,30888,0,26097
1288,30912,0,26097
1289,30936,0,26097
1290,30960,0,26097
1291,30984,0,26097
1292,31008,0,26097
1293,31032,0,26097
1294,31056,0,26097
1295,31080,0,26097
1296,31104,0,26097
1297,31128,0,26097
1298,31152,0,26097
1299,31176,0,26097
1300,31200,0,26097
1301,31224,0,26097
1302,31248,0,26097
1303,31272,0,26097
1304,31296,0,26097
1305,31320,0,26097
1306,31344,0,26097
1307,31368,0,26097
1308,31392,0,26097
1309,31416,0,26097
1310,31440,0,26097
1311,31464,0,26097
1312,31488,0,26097
1313,31512,0,26097
1314,31536,0,26097
1315,31560,0,26097
1316,31584,0,26097
1317,31608,0,26097
1318,31632,0,26097
1319,31656,0,26097
1320,31680,0,26097
1321,31704,0,26097
1322,31728,0,26097
1323,31752,0,26097
1324,31776,0,26097
1325,31800,0,26097
1326,31824,0,26097
1327,31848,0,26097
1328,31872,0,26097
1329,31896,0,26097
1330,31920,0,26097
1331,31944,0,26097
1332,31968,0,26097
1333,31992,0,26097
1334,32016,0,26097
1335,32040,0,26097
1336,32064,0,26097
1337,32088,0,26097
1338,32112,0,26097
1339,32136,0,26097
1340,32160,0,26097
1341,32184,0,26097
1342,32208,0,26097
1343,32232,0,26097
1344,32256,0,26097
1345,32280,0,26097
1346,32304,0,26097
1347,32328,0,26097
1348,32352,0,26097
1349,32376,0,26097
1350,32400,0,26097
1351,32424,0,26097
1352,32448,0,26097
1353,32472,0,26097
1354,32496,0,26097
1355,32520,0,26097
1356,32544,0,26097
1357,32568,0,26097
1358,32592,0,26097
1359,32616,0,26097
1360,32640,0,26097
1361,32664,0,26097
1362,32688,0,26097
1363,32712,0,26097
1364,32736,0,26097
1365,32760,0,26097
1366,32784,0,26097
1367,32808,0,26097
1368,32832,0,26097
1369,32856,0,26097
1370,32880,0,26097
1371,32904,0,26097
1372,32928,0,26097
1373,32952,0,26097
1374,32976,0,26097
1375,33000,0,26097
1376,33024,0,26097
1377,33048,0,26097
1378,33072,0,26097
1379,33096,0,26097
1380,33120,0,26097
1381,33144,0,26097
1382,33168,0,26097
1383,33192,0,26097
1384,33216,1,26097
1385,33240,1,26097
1386,33264,1,26097
1387,33288,1,26097
1388,33312,0,26097
1389,33336,0,26097
1390,33360,0,26097
1391,33384,0,26097
1392,33408,0,26097
1393,33432,0,26097
1394,33456,0,26097
1395,33480,0,26097
1396,33504,0,26097
1397,33528,0,26097
1398,33552,0,26097
1399,33576,0,26097
1400,33600,0,26097
1401,33624,0,26097
1402,33648,0,26097
1403,33672,0,26097
1404,33696,0,26097
1405,33720,0,26097
1406,33744,0,26097
1407,33768,0,26097
1408,33792,0,26097
1409,33816,0,26097
1410,33840,0,26097
1411,33864,0,26097
1412,33888,0,26097
1413,33912,0,26097
1414,33936,0,26097
1415,33960,0,26097
1416,33984,0,26097
1417,34008,0,26097
1418,34032,0,26097
1419,34056,0,26097
1420,34080,0,26097
1421,34104,0,26097
1422,34128,0,26097
1423,34152,0,26097
1424,34176,0,26097
1425,34200,0,26097
1426,34224,0,26097
1427,34248,0,26097
1428,34272,0,26097
1429,34296,0,26097
1430,34320,0,26097
1431,34344,0,26097
1432,34368,0,26097
1433,34392,0,26097
1434,34416,0,26097
1435,34440,0,26097
1436,34464,0,26097
1437,34488,0,26097
1438,34512,0,26097
1439,34536,0,26097
1440,34560,0,26097
1441,34584,1,26097
1442,34608,1,26097
1443,34632,0,26097
1444,34656,0,26097
1445,34680,0,26097
1446,34704,0,26097
1447,34728,0,26097
1448,34752,1,26097
1449,34776,1,26097
1450,34800,0,26097
1451,34824,0,26097
1452,34848,0,26097
1453,34872,0,26097
1454,34896,1,26097
1455,34920,1,26097
1456,34944,1,26097
1457,34968,1,26097
1458,34992,0,26097
1459,35016,0,26097
1460,35040,1,26097
1461,35064,1,26097
1462,35088,0,26097
1463,35112,0,26097
1464,35136,0,26097
1465,35160,0,26097
1466,35184,0,26097
1467,35208,0,26097
1468,35232,1,26097
1469,35256,0,26097
1470,35280,0,26097
1471,35304,0,26097
1472,35328,0,26097
1473,35352,0,26097
1474,35376,0,26097
1475,35400,0,26097
1476,35424,0,26097
1477,35448,0,26097
1478,35472,0,26097
1479,35496,0,26097
1480,35520,0,26097
1481,35544,0,26097
1482,35568,0,26097
1483,35592,0,26097
1484,35616,0,26097
1485,35640,0,26097
1486,35664,0,26097
1487,35688,0,26097
1488,35712,0,26097
1489,35736,0,26097
1490,35760,0,26097
1491,35784,0,26097
1492,35808,0,26097
1493,35832,0,26097
1494,35856,0,26097
1495,35880,0,26097
1496,35904,0,26097
1497,35928,0,26097
1498,35952,0,26097
1499,35976,0,26097
1500,36000,0,26097
1501,36024,0,26097
1502,36048,0,26097
1503,36072,0,26097
1504,36096,0,26097
1505,36120,0,26097
1506,36144,0,26097
1507,36168,0,26097
1508,36192,0,26097
1509,36216,0,26097
1510,36240,0,26097
1511,36264,0,26097
1512,36288,0,26097
1513,36312,0,26097
1514,36336,0,26097
1515,36360,0,26097
1516,36384,0,26097
1517,36408,0,26097
1518,36432,0,26097
1519,36456,0,26097
1520,36480,0,26097
1521,36504,0,26097
1522,36528,0,26097
1523,36552,0,26097
1524,36576,0,26097
1525,36600,0,26097
1526,36624,0,26097
1527,36648,0,26097
1528,36672,0,26097
1529,36696,0,26097
1530,36720,0,26097
1531,36744,0,26097
1532,36768,0,26097
1533,36792,0,26097
1534,36816,0,26097
1535,36840,0,26097
1536,36864,0,26097
1537,36888,0,26097
1538,36912,0,26097
1539,36936,0,26097
1540,36960,0,26097
1541,36984,0,26097
1542,37008,0,26097
1543,37032,0,26097
1544,37056,0,26097
1545,37080,0,26097
1546,37104,0,26097
1547,37128,0,26097
1548,37152,0,26097
1549,37176,0,26097
1550,37200,0,26097
1551,37224,0,26097
1552,37248,0,26097
1553,37272,0,26097
1554,37296,0,26097
1555,37320,0,26097
1556,37344,0,26097
1557,37368,0,26097
1558,37392,0,26097
1559,37416,0,26097
1560,37440,0,26097
1561,37464,0,26097
1562,37488,0,26097
1563,37512,0,26097
1564,37536,0,26097
1565,37560,0,26097
1566,37584,0,26097
1567,37608,0,26097
1568,37632,0,26097
1569,37656,0,26097
1570,37680,0,26097
1571,37704,0,26097
1572,37728,0,26097
1573,37752,0,26097
1574,37776,0,26097
1575,37800,0,26097
1576,37824,0,26097
1577,37848,0,26097
1578,37872,0,26097
1579,37896,0,26097
1580,37920,0,26097
1581,37944,0,26097
1582,37968,0,26097
1583,37992,0,26097
1584,38016,0,26097
1585,38040,0,26097
1586,38064,0,26097
1587,38088,0,26097
1588,38112,0,26097
1589,38136,0,26097
1590,38160,0,26097
1591,38184,0,26097
1592,38208,0,26097
1593,38232,0,26097
1594,38256,0,26097
1595,38280,0,26097
1596,38304,0,26097
1597,38328,0,26097
1598,38352,0,26097
1599,38376,0,26097
1600,38400,0,26097
1601,38424,0,26097
1602,38448,0,26097
1603,38472,0,26097
1604,38496,0,26097
1605,38520,0,26097
1606,38544,0,26097
1607,38568,0,26097
1608,38592,0,26097
1609,38616,0,26097
1610,38640,0,26097
1611,38664,0,26097
1612,38688,0,26097
1613,38712,0,26097
1614,38736,0,26097
1615,38760,0,26097
1616,38784,0,26097
1617,38808,0,26097
1618,38832,0,26097
1619,38856,0,26097
1620,38880,0,26097
1621,38904,0,26097
1622,38928,0,26097
1623,38952,0,26097
1624,38976,0,26097
1625,39000,0,26097
1626,39024,0,26097
1627,39048,0,26097
1628,39072,0,26097
1629,39096,0,26097
1630,39120,0,26097
1631,39144,0,26097
1632,39168,0,26097
1633,39192,0,26097
1634,39216,0,26097
1635,39240,0,26097
1636,39264,0,26097
1637,39288,0,26097
1638,39312,0,26097
1639,39336,0,26097
1640,39360,1,26097
1641,39384,1,26097
1642,39408,0,26097
1643,39432,0,26097
1644,39456,0,26097
1645,39480,0,26097
1646,39504,0,26097
1647,39528,0,26097
1648,39552,0,26097
1649,39576,0,26097
1650,39600,0,26097
1651,39624,0,26097
1652,39648,0,26097
1653,39672,0,26097
1654,39696,0,26097
1655,39720,0,26097
1656,39744,0,26097
1657,39768,0,26097
1658,39792,0,26097
1659,39816,0,26097
1660,39840,0,26097
1661,39864,0,26097
1662,39888,0,26097
1663,39912,0,26097
1664,39936,0,26097
1665,39960,0,26097
1666,39984,0,26097
1667,40008,0,26097
1668,40032,0,26097
1669,40056,0,26097
1670,40080,0,26097
1671,40104,0,26097
1672,40128,0,26097
1673,40152,0,26097
1674,40176,0,26097
1675,40200,0,26097
1676,40224,0,26097
1677,40248,0,26097
1678,40272,0,26097
1679,40296,0,26097
1680,40320,1,26097
1681,40344,0,26097
1682,40368,0,26097
1683,40392,0,26097
1684,40416,0,26097
1685,40440,0,26097
1686,40464,0,26097
1687,40488,0,26097
1688,40512,0,26097
1689,40536,0,26097
1690,40560,0,26097
1691,40584,0,26097
1692,40608,0,26097
1693,40632,0,26097
1694,40656,0,26097
1695,40680,0,26097
1696,40704,0,26097
1697,40728,0,26097
1698,40752,0,26097
1699,40776,0,26097
1700,40800,0,26097
1701,40824,0,26097
1702,40848,0,26097
1703,40872,0,26097
1704,40896,0,26097
1705,40920,0,26097
1706,40944,0,26097
1707,40968,0,26097
1708,40992,0,26097
1709,41016,0,26097
1710,41040,0,26097
1711,41064,0,26097
1712,41088,0,26097
1713,41112,0,26097
1714,41136,0,26097
1715,41160,0,26097
1716,41184,0,26097
1717,41208,0,26097
1718,41232,0,26097
1719,41256,0,26097
1720,41280,0,26097
1721,41304,0,26097
1722,41328,0,26097
1723,41352,0,26097
1724,41376,0,26097
1725,41400,0,26097
1726,41424,0,26097
1727,41448,0,26097
1728,41472,0,26097
1729,41496,0,26097
1730,41520,0,26097
1731,41544,0,26097
1732,41568,0,26097
1733,41592,0,26097
1734,41616,0,26097
1735,41640,0,26097
1736,41664,0,26097
1737,41688,0,26097
1738,41712,0,26097
1739,41736,0,26097
1740,41760,0,26097
1741,41784,0,26097
1742,41808,0,26097
1743,41832,0,26097
1744,41856,0,26097
1745,41880,0,26097
1746,41904,0,26097
1747,41928,0,26097
1748,41952,0,26097
1749,41976,0,26097
1750,42000,0,26097
1751,42024,0,26097
1752,42048,0,26097
1753,42072,0,26097
1754,42096,0,26097
1755,42120,0,26097
1756,42144,0,26097
1757,42168,0,26097
1758,42192,0,26097
1759,42216,0,26097
1760,42240,0,26097
1761,42264,0,26097
1762,42288,0,26097
1763,42312,0,26097
1764,42336,0,26097
1765,42360,0,26097
1766,42384,0,26097
1767,42408,0,26097
1768,42432,0,26097
1769,42456,0,26097
1770,42480,0,26097
1771,42504,0,26097
1772,42528,0,26097
1773,42552,0,26097
1774,42576,0,26097
1775,42600,0,26097
1776,42624,0,26097
1777,42648,0,26097
1778,42672,0,26097
1779,42696,0,26097
1780,42720,0,26097
1781,42744,0,26097
1782,42768,0,26097
1783,42792,0,26097
1784,42816,0,26097
1785,42840,0,26097
1786,42864,0,26097
1787,42888,0,26097
1788,42912,0,26097
1789,42936,0,26097
1790,42960,0,26097
1791,42984,0,26097
1792,43008,0,26097
1793,43032,0,26097
1794,43056,0,26097
1795,43080,0,26097
1796,43104,0,26097
1797,43128,0,26097
1798,43152,0,26097
1799,43176,0,26097
1800,43200,0,26097
1801,43224,0,26097
1802,43248,0,26097
1803,43272,0,26097
1804,43296,0,26097
1805,43320,0,26097
1806,43344,0,26097
1807,43368,0,26097
1808,43392,0,26097
1809,43416,0,26097
1810,43440,0,26097
1811,43464,0,26097
1812,43488,0,26097
1813,43512,0,26097
1814,43536,0,26097
1815,43560,0,26097
1816,43584,0,26097
1817,43608,0,26097
1818,43632,0,26097
1819,43656,0,26097
1820,43680,0,26097
1821,43704,0,26097
1822,43728,0,26097
1823,43752,0,26097
1824,43776,0,26097
1825,43800,0,26097
1826,43824,0,26097
1827,43848,0,26097
1828,43872,0,26097
1829,43896,0,26097
1830,43920,0,26097
1831,43944,0,26097
1832,43968,0,26097
1833,43992,0,26097
1834,44016,0,26097
1835,44040,0,26097
1836,44064,0,26097
1837,44088,0,26097
1838,44112,0,26097
1839,44136,0,26097
1840,44160,0,26097
1841,44184,0,26097
1842,44208,0,26097
1843,44232,0,26097
1844,44256,0,26097
1845,44280,0,26097
1846,44304,0,26097
1847,44328,0,26097
1848,44352,0,26097
1849,44376,0,26097
1850,44400,0,26097
1851,44424,0,26097
1852,44448,0,26097
1853,44472,0,26097
1854,44496,0,26097
1855,44520,0,26097
1856,44544,0,26097
1857,44568,0,26097
1858,44592,0,26097
1859,44616,0,26097
1860,44640,0,26097
1861,44664,0,26097
1862,44688,0,26097
1863,44712,0,26097
1864,44736,0,26097
1865,44760,0,26097
1866,44784,0,26097
1867,44808,0,26097
1868,44832,0,26097
1869,44856,0,26097
1870,44880,0,26097
1871,44904,0,26097
1872,44928,0,26097
1873,44952,0,26097
1874,44976,0,26097
1875,45000,0,26097
1876,45024,0,26097
1877,45048,0,26097
1878,45072,0,26097
1879,45096,0,26097
1880,45120,0,26097
1881,45144,0,26097
1882,45168,0,26097
1883,45192,0,26097
1884,45216,0,26097
1885,45240,0,26097
1886,45264,0,26097
1887,45288,0,26097
1888,45312,0,26097
1889,45336,0,26097
1890,45360,0,26097
1891,45384,0,26097
1892,45408,0,26097
1893,45432,0,26097
1894,45456,0,26097
1895,45480,0,26097
1896,45504,0,26097
1897,45528,0,26097
1898,45552,0,26097
1899,45576,0,26097
1900,45600,0,26097
1901,45624,1,26097
1902,45648,0,26097
1903,45672,0,26097
1904,45696,0,26097
1905,45720,0,26097
1906,45744,0,26097
1907,45768,0,26097
1908,45792,0,26097
1909,45816,0,26097
1910,45840,0,26097
1911,45864,0,26097
1912,45888,0,26097
1913,45912,0,26097
1914,45936,0,26097
1915,45960,0,26097
1916,45984,0,26097
1917,46008,0,26097
1918,46032,0,26097
1919,46056,0,26097
1920,46080,0,26097
1921,46104,0,26097
1922,46128,0,26097
1923,46152,0,26097
1924,46176,0,26097
1925,46200,0,26097
1926,46224,0,26097
1927,46248,0,26097
1928,46272,0,26097
1929,46296,0,26097
1930,46320,0,26097
1931,46344,0,26097
1932,46368,0,26097
1933,46392,0,26097
1934,46416,0,26097
1935,46440,0,26097
1936,46464,0,26097
1937,46488,0,26097
1938,46512,0,26097
1939,46536,0,26097
1940,46560,0,26097
1941,46584,0,26097
1942,46608,0,26097
1943,46632,0,26097
1944,46656,0,26097
1945,46680,0,26097
1946,46704,0,26097
1947,46728,0,26097
1948,46752,0,26097
1949,46776,0,26097
1950,46800,0,26097
1951,46824,0,26097
1952,46848,0,26097
1953,46872,0,26097
1954,46896,0,26097
1955,46920,1,26097
1956,46944,0,26097
1957,46968,1,26097
1958,46992,0,26097
1959,47016,0,26097
1960,47040,0,26097
1961,47064,0,26097
1962,47088,0,26097
1963,47112,0,26097
1964,47136,0,26097
1965,47160,0,26097
1966,47184,0,26097
1967,47208,0,26097
1968,47232,0,26097
1969,47256,0,26097
1970,47280,0,26097
1971,47304,0,26097
1972,47328,0,26097
1973,47352,0,26097
1974,47376,0,26097
1975,47400,0,26097
1976,47424,0,26097
1977,47448,1,26097
1978,47472,0,26097
1979,47496,0,26097
1980,47520,0,26097
1981,47544,1,26097
1982,47568,0,26097
1983,47592,0,26097
1984,47616,0,26097
1985,47640,0,26097
1986,47664,0,26097
1987,47688,0,26097
1988,47712,0,26097
1989,47736,0,26097
1990,47760,0,26097
1991,47784,0,26097
1992,47808,0,26097
1993,47832,0,26097
1994,47856,0,26097
1995,47880,0,26097
1996,47904,0,26097
1997,47928,0,26097
1998,47952,0,26097
1999,47976,0,26097
2000,48000,0,26097
2001,48024,0,26097
2002,48048,0,26097
2003,48072,0,26097
2004,48096,0,26097
2005,48120,0,26097
2006,48144,0,26097
2007,48168,0,26097
2008,48192,0,26097
2009,48216,0,26097
2010,48240,0,26097
2011,48264,0,26097
2012,48288,0,26097
2013,48312,0,26097
2014,48336,0,26097
2015,48360,0,26097
2016,48384,0,26097
2017,48408,0,26097
2018,48432,0,26097
2019,48456,0,26097
2020,48480,0,26097
2021,48504,0,26097
2022,48528,0,26097
2023,48552,0,26097
2024,48576,1,26097
2025,48600,0,26097
2026,48624,0,26097
2027,48648,0,26097
2028,48672,0,26097
2029,48696,0,26097
2030,48720,0,26097
2031,48744,0,26097
2032,48768,0,26097
2033,48792,0,26097
2034,48816,0,26097
2035,48840,0,26097
2036,48864,0,26097
2037,48888,0,26097
2038,48912,0,26097
2039,48936,0,26097
2040,48960,0,26097
2041,48984,0,26097
2042,49008,0,26097
2043,49032,0,26097
2044,49056,0,26097
2045,49080,0,26097
2046,49104,0,26097
2047,49128,0,26097
2048,49152,0,26097
2049,49176,0,26097
2050,49200,0,26097
2051,49224,0,26097
2052,49248,0,26097
2053,49272,0,26097
2054,49296,0,26097
2055,49320,0,26097
2056,49344,0,26097
2057,49368,0,26097
2058,49392,0,26097
2059,49416,0,26097
2060,49440,0,26097
2061,49464,0,26097
2062,49488,0,26097
2063,49512,0,26097
2064,49536,0,26097
2065,49560,0,26097
2066,49584,0,26097
2067,49608,0,26097
2068,49632,0,26097
2069,49656,0,26097
2070,49680,0,26097
2071,49704,0,26097
2072,49728,0,26097
2073,49752,0,26097
2074,49776,0,26097
2075,49800,0,26097
2076,49824,0,26097
2077,49848,0,26097
2078,49872,0,26097
2079,49896,0,26097
2080,49920,0,26097
2081,49944,0,26097
2082,49968,0,26097
2083,49992,0,26097
2084,50016,0,26097
2085,50040,0,26097
2086,50064,0,26097
2087,50088,0,26097
2088,50112,0,26097
2089,50136,0,26097
2090,50160,0,26097
2091,50184,0,26097
2092,50208,0,26097
2093,50232,0,26097
2094,50256,0,26097
2095,50280,0,26097
2096,50304,0,26097
2097,50328,0,26097
2098,50352,0,26097
2099,50376,0,26097
2100,50400,0,26097
2101,50424,0,26097
2102,50448,0,26097
2103,50472,0,26097
2104,50496,0,26097
2105,50520,1,26097
2106,50544,0,26097
2107,50568,0,26097
2108,50592,0,26097
2109,50616,0,26097
2110,50640,0,26097
2111,50664,0,26097
2112,50688,0,26097
2113,50712,0,26097
2114,50736,0,26097
2115,50760,0,26097
2116,50784,0,26097
2117,50808,0,26097
2118,50832,0,26097
2119,50856,0,26097
2120,50880,0,26097
2121,50904,0,26097
2122,50928,0,26097
2123,50952,0,26097
2124,50976,0,26097
2125,51000,0,26097
2126,51024,0,26097
2127,51048,0,26097
2128,51072,0,26097
2129,51096,0,26097
2130,51120,0,26097
2131,51144,0,26097
2132,51168,0,26097
2133,51192,0,26097
2134,51216,0,26097
2135,51240,0,26097
2136,51264,0,26097
2137,51288,0,26097
2138,51312,0,26097
2139,51336,0,26097
2140,51360,0,26097
2141,51384,0,26097
2142,51408,0,26097
2143,51432,0,26097
2144,51456,0,26097
2145,51480,0,26097
2146,51504,0,26097
2147,51528,0,26097
2148,51552,0,26097
2149,51576,0,26097
2150,51600,0,26097
2151,51624,1,26097
2152,51648,0,26097
2153,51672,1,26097
2154,51696,1,26097
2155,51720,1,26097
2156,51744,1,26097
2157,51768,0,26097
2158,51792,0,26097
2159,51816,0,26097
2160,51840,0,26097
2161,51864,0,26097
2162,51888,0,26097
2163,51912,0,26097
2164,51936,0,26097
2165,51960,0,26097
2166,51984,0,26097
2167,52008,0,26097
2168,52032,0,26097
2169,52056,0,26097
2170,52080,0,26097
2171,52104,0,26097
2172,52128,0,26097
2173,52152,0,26097
2174,52176,1,26097
2175,52200,1,26097
2176,52224,1,26097
2177,52248,0,26097
2178,52272,0,26097
2179,52296,0,26097
2180,52320,0,26097
2181,52344,0,26097
2182,52368,0,26097
2183,52392,0,26097
2184,52416,0,26097
2185,52440,0,26097
2186,52464,0,26097
2187,52488,0,26097
2188,52512,0,26097
2189,52536,0,26097
2190,52560,0,26097
2191,52584,0,26097
2192,52608,0,26097
2193,52632,0,26097
2194,52656,0,26097
2195,52680,0,26097
2196,52704,0,26097
2197,52728,0,26097
2198,52752,0,26097
2199,52776,0,26097
2200,52800,0,26097
2201,52824,0,26097
2202,52848,0,26097
2203,52872,0,26097
2204,52896,0,26097
2205,52920,0,26097
2206,52944,0,26097
2207,52968,0,26097
2208,52992,1,26097
2209,53016,1,26097
2210,53040,1,26097
2211,53064,1,26097
2212,53088,1,26097
2213,53112,1,26097
2214,53136,1,26097
2215,53160,1,26097
2216,53184,1,26097
2217,53208,1,26097
2218,53232,1,26097
2219,53256,1,26097
2220,53280,1,26097
2221,53304,1,26097
2222,53328,1,26097
2223,53352,1,26097
2224,53376,1,26097
2225,53400,1,26097
2226,53424,1,26097
2227,53448,1,26097
2228,53472,1,26097
2229,53496,1,26097
2230,53520,1,26097
2231,53544,1,26097
2232,53568,1,26097
2233,53592,1,26097
2234,53616,0,26097
2235,53640,1,26097
2236,53664,1,26097
2237,53688,1,26097
2238,53712,1,26097
2239,53736,1,26097
2240,53760,1,26097
2241,53784,1,26097
2242,53808,1,26097
2243,53832,1,26097
2244,53856,1,26097
2245,53880,1,26097
2246,53904,1,26097
2247,53928,1,26097
2248,53952,1,26097
2249,53976,1,26097
2250,54000,1,26097
2251,54024,1,26097
2252,54048,1,26097
2253,54072,0,26097
2254,54096,0,26097
2255,54120,0,26097
2256,54144,0,26097
2257,54168,0,26097
2258,54192,0,26097
2259,54216,0,26097
2260,54240,0,26097
2261,54264,0,26097
2262,54288,0,26097
2263,54312,0,26097
2264,54336,0,26097
2265,54360,0,26097
2266,54384,0,26097
2267,54408,0,26097
2268,54432,0,26097
2269,54456,0,26097
2270,54480,0,26097
2271,54504,0,26097
2272,54528,0,26097
2273,54552,0,26097
2274,54576,0,26097
2275,54600,0,26097
2276,54624,0,26097
2277,54648,0,26097
2278,54672,0,26097
2279,54696,0,26097
2280,54720,0,26097
2281,54744,0,26097
2282,54768,0,26097
2283,54792,0,26097
2284,54816,0,26097
2285,54840,0,26097
2286,54864,0,26097
2287,54888,0,26097
2288,54912,0,26097
2289,54936,0,26097
2290,54960,0,26097
2291,54984,0,26097
2292,55008,0,26097
2293,55032,0,26097
2294,55056,0,26097
2295,55080,0,26097
2296,55104,0,26097
2297,55128,0,26097
2298,55152,0,26097
2299,55176,0,26097
2300,55200,0,26097
2301,55224,0,26097
2302,55248,0,26097
2303,55272,0,26097
2304,55296,0,26097
2305,55320,0,26097
2306,55344,0,26097
2307,55368,0,26097
2308,55392,0,26097
2309,55416,0,26097
2310,55440,0,26097
2311,55464,0,26097
2312,55488,0,26097
2313,55512,0,26097
2314,55536,0,26097
2315,55560,0,26097
2316,55584,0,26097
2317,55608,0,26097
2318,55632,0,26097
2319,55656,0,26097
2320,55680,0,26097
2321,55704,0,26097
2322,55728,0,26097
2323,55752,0,26097
2324,55776,0,26097
2325,55800,0,26097
2326,55824,0,26097
2327,55848,0,26097
2328,55872,0,26097
2329,55896,0,26097
2330,55920,0,26097
2331,55944,0,26097
2332,55968,0,26097
2333,55992,0,26097
2334,56016,0,26097
2335,56040,0,26097
2336,56064,0,26097
2337,56088,0,26097
2338,56112,0,26097
2339,56136,0,26097
2340,56160,0,26097
2341,56184,0,26097
2342,56208,0,26097
2343,56232,0,26097
2344,56256,0,26097
2345,56280,0,26097
2346,56304,0,26097
2347,56328,0,26097
2348,56352,0,26097
2349,56376,0,26097
2350,56400,0,26097
2351,56424,0,26097
2352,56448,0,26097
2353,56472,0,26097
2354,56496,0,26097
2355,56520,0,26097
2356,56544,0,26097
2357,56568,0,26097
2358,56592,0,26097
2359,56616,0,26097
2360,56640,0,26097
2361,56664,0,26097
2362,56688,0,26097
2363,56712,0,26097
2364,56736,0,26097
2365,56760,0,26097
2366,56784,0,26097
2367,56808,0,26097
2368,56832,0,26097
2369,56856,0,26097
2370,56880,0,26097
2371,56904,0,26097
2372,56928,0,26097
2373,56952,0,26097
2374,56976,0,26097
2375,57000,0,26097
2376,57024,0,26097
2377,57048,0,26097
2378,57072,0,26097
2379,57096,0,26097
2380,57120,0,26097
2381,57144,0,26097
2382,57168,0,26097
2383,57192,0,26097
2384,57216,0,26097
2385,57240,0,26097
2386,57264,0,26097
2387,57288,0,26097
2388,57312,0,26097
2389,57336,0,26097
2390,57360,0,26097
2391,57384,0,26097
2392,57408,0,26097
2393,57432,0,26097
2394,57456,0,26097
2395,57480,0,26097
2396,57504,0,26097
2397,57528,0,26097
2398,57552,0,26097
2399,57576,0,26097
2400,57600,0,26097
2401,57624,0,26097
2402,57648,0,26097
2403,57672,0,26097
2404,57696,0,26097
2405,57720,0,26097
2406,57744,0,26097
2407,57768,0,26097
2408,57792,0,26097
2409,57816,0,26097
2410,57840,0,26097
2411,57864,0,26097
2412,57888,0,26097
2413,57912,0,26097
2414,57936,0,26097
2415,57960,0,26097
2416,57984,1,26097
2417,58008,0,26097
2418,58032,0,26097
2419,58056,0,26097
2420,58080,0,26097
2421,58104,0,26097
2422,58128,0,26097
2423,58152,0,26097
2424,58176,0,26097
2425,58200,0,26097
2426,58224,0,26097
2427,58248,0,26097
2428,58272,0,26097
2429,58296,0,26097
2430,58320,0,26097
2431,58344,0,26097
2432,58368,0,26097
2433,58392,0,26097
2434,58416,0,26097
2435,58440,0,26097
2436,58464,0,26097
2437,58488,0,26097
2438,58512,0,26097
2439,58536,0,26097
2440,58560,0,26097
2441,58584,0,26097
2442,58608,0,26097
2443,58632,0,26097
2444,58656,0,26097
2445,58680,0,26097
2446,58704,0,26097
2447,58728,0,26097
2448,58752,0,26097
2449,58776,0,26097
2450,58800,0,26097
2451,58824,0,26097
2452,58848,0,26097
2453,58872,0,26097
2454,58896,0,26097
2455,58920,0,26097
2456,58944,0,26097
2457,58968,0,26097
2458,58992,0,26097
2459,59016,0,26097
2460,59040,0,26097
2461,59064,0,26097
2462,59088,0,26097
2463,59112,0,26097
2464,59136,0,26097
2465,59160,0,26097
2466,59184,0,26097
2467,59208,0,26097
2468,59232,0,26097
2469,59256,0,26097
2470,59280,0,26097
2471,59304,0,26097
2472,59328,0,26097
2473,59352,0,26097
2474,59376,0,26097
2475,59400,0,26097
2476,59424,0,26097
2477,59448,0,26097
2478,59472,0,26097
2479,59496,0,26097
2480,59520,0,26097
2481,59544,0,26097
2482,59568,0,26097
2483,59592,0,26097
2484,59616,0,26097
2485,59640,0,26097
2486,59664,0,26097
2487,59688,0,26097
2488,59712,0,26097
2489,59736,0,26097
2490,59760,0,26097
2491,59784,0,26097
2492,59808,0,26097
2493,59832,0,26097
2494,59856,0,26097
2495,59880,0,26097
2496,59904,0,26097
2497,59928,0,26097
2498,59952,0,26097
2499,59976,0,26097
2500,60000,0,26097
2501,60024,0,26097
2502,60048,0,26097
2503,60072,0,26097
2504,60096,0,26097
2505,60120,0,26097
2506,60144,0,26097
2507,60168,0,26097
2508,60192,0,26097
2509,60216,0,26097
2510,60240,0,26097
2511,60264,0,26097
2512,60288,0,26097
2513,60312,0,26097
2514,60336,0,26097
2515,60360,0,26097
2516,60384,0,26097
2517,60408,0,26097
2518,60432,0,26097
2519,60456,0,26097
2520,60480,0,26097
2521,60504,0,26097
2522,60528,0,26097
2523,60552,0,26097
2524,60576,0,26097
2525,60600,0,26097
2526,60624,0,26097
2527,60648,0,26097
2528,60672,0,26097
2529,60696,0,26097
2530,60720,0,26097
2531,60744,0,26097
2532,60768,0,26097
2533,60792,0,26097
2534,60816,0,26097
2535,60840,0,26097
2536,60864,0,26097
2537,60888,0,26097
2538,60912,0,26097
2539,60936,0,26097
2540,60960,0,26097
2541,60984,0,26097
2542,61008,0,26097
2543,61032,0,26097
2544,61056,0,26097
2545,61080,0,26097
2546,61104,0,26097
2547,61128,0,26097
2548,61152,0,26097
2549,61176,0,26097
2550,61200,0,26097
2551,61224,0,26097
2552,61248,0,26097
2553,61272,0,26097
2554,61296,0,26097
2555,61320,0,26097
2556,61344,0,26097
2557,61368,0,26097
2558,61392,0,26097
2559,61416,0,26097
2560,61440,0,26097
2561,61464,0,26097
2562,61488,0,26097
2563,61512,0,26097
2564,61536,0,26097
2565,61560,0,26097
2566,61584,0,26097
2567,61608,0,26097
2568,61632,0,26097
2569,61656,0,26097
2570,61680,0,26097
2571,61704,0,26097
2572,61728,0,26097
2573,61752,0,26097
2574,61776,0,26097
2575,61800,0,26097
2576,61824,0,26097
2577,61848,0,26097
2578,61872,0,26097
2579,61896,0,26097
2580,61920,0,26097
2581,61944,0,26097
2582,61968,0,26097
2583,61992,0,26097
2584,62016,0,26097
2585,62040,0,26097
2586,62064,0,26097
2587,62088,0,26097
2588,62112,0,26097
2589,62136,0,26097
2590,62160,0,26097
2591,62184,0,26097
2592,62208,0,26097
2593,62232,0,26097
2594,62256,0,26097
2595,62280,0,26097
2596,62304,0,26097
2597,62328,0,26097
2598,62352,0,26097
2599,62376,0,26097
2600,62400,0,26097
2601,62424,0,26097
2602,62448,0,26097
2603,62472,0,26097
2604,62496,0,26097
2605,62520,0,26097
2606,62544,0,26097
2607,62568,0,26097
2608,62592,0,26097
2609,62616,0,26097
2610,62640,0,26097
2611,62664,0,26097
2612,62688,0,26097
2613,62712,0,26097
2614,62736,0,26097
2615,62760,0,26097
2616,62784,0,26097
2617,62808,0,26097
2618,62832,0,26097
2619,62856,0,26097
2620,62880,0,26097
2621,62904,0,26097
2622,62928,0,26097
2623,62952,0,26097
2624,62976,0,26097
2625,63000,0,26097
2626,63024,0,26097
2627,63048,0,26097
2628,63072,0,26097
2629,63096,0,26097
2630,63120,0,26097
2631,63144,0,26097
2632,63168,0,26097
2633,63192,0,26097
2634,63216,0,26097
2635,63240,0,26097
2636,63264,0,26097
2637,63288,0,26097
2638,63312,0,26097
2639,63336,0,26097
2640,63360,0,26097
2641,63384,0,26097
2642,63408,0,26097
2643,63432,0,26097
2644,63456,0,26097
2645,63480,0,26097
2646,63504,0,26097
2647,63528,0,26097
2648,63552,0,26097
2649,63576,0,26097
2650,63600,0,26097
2651,63624,0,26097
2652,63648,0,26097
2653,63672,0,26097
2654,63696,0,26097
2655,63720,0,26097
2656,63744,0,26097
2657,63768,0,26097
2658,63792,0,26097
2659,63816,0,26097
2660,63840,0,26097
2661,63864,1,26097
2662,63888,0,26097
2663,63912,0,26097
2664,63936,0,26097
2665,63960,0,26097
2666,63984,0,26097
2667,64008,0,26097
2668,64032,0,26097
2669,64056,0,26097
2670,64080,0,26097
2671,64104,0,26097
2672,64128,0,26097
2673,64152,0,26097
2674,64176,0,26097
2675,64200,0,26097
2676,64224,0,26097
2677,64248,0,26097
2678,64272,0,26097
2679,64296,0,26097
2680,64320,0,26097
2681,64344,0,26097
2682,64368,0,26097
2683,64392,0,26097
2684,64416,0,26097
2685,64440,0,26097
2686,64464,0,26097
2687,64488,0,26097
2688,64512,0,26097
2689,64536,0,26097
2690,64560,0,26097
2691,64584,0,26097
2692,64608,0,26097
2693,64632,0,26097
2694,64656,0,26097
2695,64680,0,26097
2696,64704,0,26097
2697,64728,0,26097
2698,64752,0,26097
2699,64776,0,26097
2700,64800,0,26097
2701,64824,0,26097
2702,64848,0,26097
2703,64872,0,26097
2704,64896,0,26097
2705,64920,0,26097
2706,64944,0,26097
2707,64968,0,26097
2708,64992,0,26097
2709,65016,0,26097
2710,65040,0,26097
2711,65064,0,26097
2712,65088,0,26097
2713,65112,0,26097
2714,65136,0,26097
2715,65160,0,26097
2716,65184,0,26097
2717,65208,0,26097
2718,65232,0,26097
2719,65256,0,26097
2720,65280,0,26097
2721,65304,0,26097
2722,65328,0,26097
2723,65352,0,26097
2724,65376,0,26097
2725,65400,0,26097
2726,65424,0,26097
2727,65448,0,26097
2728,65472,0,26097
2729,65496,0,26097
2730,65520,0,26097
2731,65544,0,26097
2732,65568,0,26097
2733,65592,0,26097
2734,65616,0,26097
2735,65640,0,26097
2736,65664,0,26097
2737,65688,0,26097
2738,65712,0,26097
2739,65736,0,26097
2740,65760,0,26097
2741,65784,0,26097
2742,65808,0,26097
2743,65832,0,26097
2744,65856,0,26097
2745,65880,0,26097
2746,65904,0,26097
2747,65928,0,26097
2748,65952,0,26097
2749,65976,0,26097
2750,66000,0,26097
2751,66024,0,26097
2752,66048,0,26097
2753,66072,0,26097
2754,66096,0,26097
2755,66120,0,26097
2756,66144,0,26097
2757,66168,0,26097
2758,66192,0,26097
2759,66216,0,26097
2760,66240,0,26097
2761,66264,0,26097
2762,66288,0,26097
2763,66312,0,26097
2764,66336,0,26097
2765,66360,1,26097
2766,66384,0,26097
2767,66408,0,26097
2768,66432,0,26097
2769,66456,0,26097
2770,66480,0,26097
2771,66504,0,26097
2772,66528,0,26097
2773,66552,0,26097
2774,66576,0,26097
2775,66600,0,26097
2776,66624,0,26097
2777,66648,0,26097
2778,66672,0,26097
2779,66696,0,26097
2780,66720,0,26097
2781,66744,0,26097
2782,66768,0,26097
2783,66792,0,26097
2784,66816,0,26097
2785,66840,0,26097
2786,66864,0,26097
2787,66888,0,26097
2788,66912,0,26097
2789,66936,0,26097
2790,66960,0,26097
2791,66984,0,26097
2792,67008,0,26097
2793,67032,0,26097
2794,67056,0,26097
2795,67080,0,26097
2796,67104,0,26097
2797,67128,0,26097
2798,67152,0,26097
2799,67176,0,26097
2800,67200,0,26097
2801,67224,0,26097
2802,67248,0,26097
2803,67272,0,26097
2804,67296,0,26097
2805,67320,0,26097
2806,67344,0,26097
2807,67368,0,26097
2808,67392,0,26097
2809,67416,0,26097
2810,67440,0,26097
2811,67464,0,26097
2812,67488,0,26097
2813,67512,0,26097
2814,67536,0,26097
2815,67560,0,26097
2816,67584,0,26097
2817,67608,0,26097
2818,67632,0,26097
2819,67656,0,26097
2820,67680,0,26097
2821,67704,0,26097
2822,67728,0,26097
2823,67752,0,26097
2824,67776,0,26097
2825,67800,0,26097
2826,67824,0,26097
2827,67848,0,26097
2828,67872,0,26097
2829,67896,0,26097
2830,67920,0,26097
2831,67944,0,26097
2832,67968,0,26097
2833,67992,0,26097
2834,68016,0,26097
2835,68040,0,26097
2836,68064,0,26097
2837,68088,0,26097
2838,68112,0,26097
2839,68136,0,26097
2840,68160,0,26097
2841,68184,0,26097
2842,68208,0,26097
2843,68232,0,26097
2844,68256,0,26097
2845,68280,0,26097
2846,68304,0,26097
2847,68328,0,26097
2848,68352,0,26097
2849,68376,0,26097
2850,68400,0,26097
2851,68424,0,26097
2852,68448,0,26097
2853,68472,0,26097
2854,68496,0,26097
2855,68520,0,26097
2856,68544,0,26097
2857,68568,0,26097
2858,68592,0,26097
2859,68616,0,26097
2860,68640,0,26097
2861,68664,0,26097
2862,68688,0,26097
2863,68712,0,26097
2864,68736,0,26097
2865,68760,0,26097
2866,68784,0,26097
2867,68808,0,26097
2868,68832,0,26097
2869,68856,0,26097
2870,68880,0,26097
2871,68904,0,26097
2872,68928,0,26097
2873,68952,0,26097
2874,68976,0,26097
2875,69000,0,26097
2876,69024,0,26097
2877,69048,0,26097
2878,69072,0,26097
2879,69096,0,26097
2880,69120,1,26097
2881,69144,0,26097
2882,69168,0,26097
2883,69192,0,26097
2884,69216,0,26097
2885,69240,0,26097
2886,69264,0,26097
2887,69288,0,26097
2888,69312,0,26097
2889,69336,0,26097
2890,69360,0,26097
2891,69384,0,26097
2892,69408,0,26097
2893,69432,0,26097
2894,69456,0,26097
2895,69480,0,26097
2896,69504,0,26097
2897,69528,0,26097
2898,69552,0,26097
2899,69576,0,26097
2900,69600,0,26097
2901,69624,0,26097
2902,69648,0,26097
2903,69672,0,26097
2904,69696,0,26097
2905,69720,0,26097
2906,69744,0,26097
2907,69768,0,26097
2908,69792,0,26097
2909,69816,0,26097
2910,69840,0,26097
2911,69864,0,26097
2912,69888,0,26097
2913,69912,0,26097
2914,69936,0,26097
2915,69960,0,26097
2916,69984,0,26097
2917,70008,0,26097
2918,70032,0,26097
2919,70056,0,26097
2920,70080,0,26097
2921,70104,0,26097
2922,70128,0,26097
2923,70152,0,26097
2924,70176,0,26097
2925,70200,0,26097
2926,70224,0,26097
2927,70248,0,26097
2928,70272,0,26097
2929,70296,0,26097
2930,70320,0,26097
2931,70344,0,26097
2932,70368,0,26097
2933,70392,0,26097
2934,70416,0,26097
2935,70440,0,26097
2936,70464,0,26097
2937,70488,0,26097
2938,70512,0,26097
2939,70536,0,26097
2940,70560,0,26097
2941,70584,0,26097
2942,70608,0,26097
2943,70632,0,26097
2944,70656,0,26097
2945,70680,0,26097
2946,70704,0,26097
2947,70728,0,26097
2948,70752,0,26097
2949,70776,0,26097
2950,70800,0,26097
2951,70824,0,26097
2952,70848,0,26097
2953,70872,0,26097
2954,70896,0,26097
2955,70920,0,26097
2956,70944,0,26097
2957,70968,0,26097
2958,70992,0,26097
2959,71016,0,26097
2960,71040,0,26097
2961,71064,0,26097
2962,71088,0,26097
2963,71112,0,26097
2964,71136,0,26097
2965,71160,0,26097
2966,71184,0,26097
2967,71208,0,26097
2968,71232,0,26097
2969,71256,0,26097
2970,71280,0,26097
2971,71304,0,26097
2972,71328,0,26097
2973,71352,0,26097
2974,71376,0,26097
2975,71400,0,26097
2976,71424,0,26097
2977,71448,0,26097
2978,71472,0,26097
2979,71496,0,26097
2980,71520,0,26097
2981,71544,0,26097
2982,71568,0,26097
2983,71592,0,26097
2984,71616,0,26097
2985,71640,0,26097
2986,71664,0,26097
2987,71688,0,26097
2988,71712,0,26097
2989,71736,0,26097
2990,71760,0,26097
2991,71784,0,26097
2992,71808,0,26097
2993,71832,0,26097
2994,71856,0,26097
2995,71880,0,26097
2996,71904,0,26097
2997,71928,0,26097
2998,71952,0,26097
2999,71976,0,26097
3000,72000,0,26097
3001,72024,0,26097
3002,72048,0,26097
3003,72072,0,26097
3004,72096,0,26097
3005,72120,0,26097
3006,72144,0,26097
3007,72168,0,26097
3008,72192,0,26097
3009,72216,0,26097
3010,72240,0,26097
3011,72264,0,26097
3012,72288,0,26097
3013,72312,0,26097
3014,72336,0,26097
3015,72360,0,26097
3016,72384,0,26097
3017,72408,0,26097
3018,72432,0,26097
3019,72456,0,26097
3020,72480,0,26097
3021,72504,0,26097
3022,72528,0,26097
3023,72552,0,26097
3024,72576,0,26097
3025,72600,0,26097
3026,72624,0,26097
3027,72648,0,26097
3028,72672,0,26097
3029,72696,0,26097
3030,72720,0,26097
3031,72744,0,26097
3032,72768,0,26097
3033,72792,0,26097
3034,72816,0,26097
3035,72840,0,26097
3036,72864,0,26097
3037,72888,0,26097
3038,72912,1,26097
3039,72936,1,26097
3040,72960,0,26097
3041,72984,0,26097
3042,73008,0,26097
3043,73032,0,26097
3044,73056,0,26097
3045,73080,0,26097
3046,73104,0,26097
3047,73128,0,26097
3048,73152,0,26097
3049,73176,0,26097
3050,73200,0,26097
3051,73224,0,26097
3052,73248,0,26097
3053,73272,0,26097
3054,73296,0,26097
3055,73320,0,26097
3056,73344,0,26097
3057,73368,0,26097
3058,73392,0,26097
3059,73416,0,26097
3060,73440,0,26097
3061,73464,0,26097
3062,73488,0,26097
3063,73512,0,26097
3064,73536,0,26097
3065,73560,0,26097
3066,73584,0,26097
3067,73608,0,26097
3068,73632,0,26097
3069,73656,0,26097
3070,73680,0,26097
3071,73704,0,26097
3072,73728,0,26097
3073,73752,0,26097
3074,73776,0,26097
3075,73800,0,26097
3076,73824,0,26097
3077,73848,0,26097
3078,73872,0,26097
3079,73896,0,26097
3080,73920,0,26097
3081,73944,0,26097
3082,73968,0,26097
3083,73992,1,26097
3084,74016,0,26097
3085,74040,1,26097
3086,74064,0,26097
3087,74088,0,26097
3088,74112,0,26097
3089,74136,0,26097
3090,74160,1,26097
3091,74184,0,26097
3092,74208,0,26097
3093,74232,0,26097
3094,74256,0,26097
3095,74280,0,26097
3096,74304,0,26097
3097,74328,0,26097
3098,74352,0,26097
3099,74376,0,26097
3100,74400,0,26097
3101,74424,0,26097
3102,74448,0,26097
3103,74472,0,26097
3104,74496,0,26097
3105,74520,0,26097
3106,74544,0,26097
3107,74568,0,26097
3108,74592,0,26097
3109,74616,0,26097
3110,74640,1,26097
3111,74664,0,26097
3112,74688,0,26097
3113,74712,0,26097
3114,74736,0,26097
3115,74760,0,26097
3116,74784,0,26097
3117,74808,0,26097
3118,74832,0,26097
3119,74856,0,26097
3120,74880,0,26097
3121,74904,0,26097
3122,74928,0,26097
3123,74952,0,26097
3124,74976,0,26097
3125,75000,0,26097
3126,75024,0,26097
3127,75048,0,26097
3128,75072,0,26097
3129,75096,0,26097
3130,75120,0,26097
3131,75144,0,26097
3132,75168,0,26097
3133,75192,0,26097
3134,75216,0,26097
3135,75240,0,26097
3136,75264,0,26097
3137,75288,0,26097
3138,75312,0,26097
3139,75336,0,26097
3140,75360,0,26097
3141,75384,0,26097
3142,75408,0,26097
3143,75432,0,26097
3144,75456,0,26097
3145,75480,0,26097
3146,75504,0,26097
3147,75528,0,26097
3148,75552,0,26097
3149,75576,0,26097
3150,75600,0,26097
3151,75624,0,26097
3152,75648,0,26097
3153,75672,0,26097
3154,75696,0,26097
3155,75720,0,26097
3156,75744,0,26097
3157,75768,0,26097
3158,75792,0,26097
3159,75816,0,26097
3160,75840,0,26097
3161,75864,0,26097
3162,75888,0,26097
3163,75912,0,26097
3164,75936,0,26097
3165,75960,0,26097
3166,75984,0,26097
3167,76008,0,26097
3168,76032,0,26097
3169,76056,0,26097
3170,76080,0,26097
3171,76104,0,26097
3172,76128,0,26097
3173,76152,0,26097
3174,76176,0,26097
3175,76200,0,26097
3176,76224,0,26097
3177,76248,0,26097
3178,76272,0,26097
3179,76296,0,26097
3180,76320,0,26097
3181,76344,0,26097
3182,76368,0,26097
3183,76392,0,26097
3184,76416,0,26097
3185,76440,0,26097
3186,76464,0,26097
3187,76488,0,26097
3188,76512,0,26097
3189,76536,0,26097
3190,76560,0,26097
3191,76584,0,26097
3192,76608,0,26097
3193,76632,0,26097
3194,76656,0,26097
3195,76680,0,26097
3196,76704,0,26097
3197,76728,0,26097
3198,76752,0,26097
3199,76776,0,26097
3200,76800,0,26097
3201,76824,0,26097
3202,76848,0,26097
3203,76872,0,26097
3204,76896,0,26097
3205,76920,0,26097
3206,76944,0,26097
3207,76968,0,26097
3208,76992,0,26097
3209,77016,0,26097
3210,77040,0,26097
3211,77064,0,26097
3212,77088,0,26097
3213,77112,0,26097
3214,77136,0,26097
3215,77160,0,26097
3216,77184,0,26097
3217,77208,0,26097
3218,77232,0,26097
3219,77256,0,26097
3220,77280,0,26097
3221,77304,0,26097
3222,77328,0,26097
3223,77352,0,26097
3224,77376,0,26097
3225,77400,0,26097
3226,77424,0,26097
3227,77448,0,26097
3228,77472,0,26097
3229,77496,1,26097
3230,77520,0,26097
3231,77544,0,26097
3232,77568,0,26097
3233,77592,0,26097
3234,77616,0,26097
3235,77640,0,26097
3236,77664,0,26097
3237,77688,0,26097
3238,77712,0,26097
3239,77736,0,26097
3240,77760,0,26097
3241,77784,0,26097
3242,77808,0,26097
3243,77832,0,26097
3244,77856,0,26097
3245,77880,0,26097
3246,77904,0,26097
3247,77928,0,26097
3248,77952,0,26097
3249,77976,0,26097
3250,78000,0,26097
3251,78024,0,26097
3252,78048,1,26097
3253,78072,0,26097
3254,78096,0,26097
3255,78120,1,26097
3256,78144,1,26097
3257,78168,1,26097
3258,78192,0,26097
3259,78216,0,26097
3260,78240,0,26097
3261,78264,0,26097
3262,78288,0,26097
3263,78312,0,26097
3264,78336,0,26097
3265,78360,0,26097
3266,78384,0,26097
3267,78408,0,26097
3268,78432,0,26097
3269,78456,0,26097
3270,78480,0,26097
3271,78504,0,26097
3272,78528,0,26097
3273,78552,0,26097
3274,78576,0,26097
3275,78600,0,26097
3276,78624,0,26097
3277,78648,0,26097
3278,78672,0,26097
3279,78696,0,26097
3280,78720,0,26097
3281,78744,0,26097
3282,78768,0,26097
3283,78792,0,26097
3284,78816,0,26097
3285,78840,0,26097
3286,78864,0,26097
3287,78888,0,26097
3288,78912,0,26097
3289,78936,0,26097
3290,78960,0,26097
3291,78984,0,26097
3292,79008,0,26097
3293,79032,0,26097
3294,79056,0,26097
3295,79080,0,26097
3296,79104,0,26097
3297,79128,0,26097
3298,79152,0,26097
3299,79176,0,26097
3300,79200,0,26097
3301,79224,0,26097
3302,79248,0,26097
3303,79272,0,26097
3304,79296,0,26097
3305,79320,0,26097
3306,79344,0,26097
3307,79368,0,26097
3308,79392,0,26097
3309,79416,0,26097
3310,79440,0,26097
3311,79464,0,26097
3312,79488,0,26097
3313,79512,0,26097
3314,79536,0,26097
3315,79560,0,26097
3316,79584,0,26097
3317,79608,0,26097
3318,79632,0,26097
3319,79656,0,26097
3320,79680,0,26097
3321,79704,0,26097
3322,79728,0,26097
3323,79752,0,26097
3324,79776,0,26097
3325,79800,0,26097
3326,79824,0,26097
3327,79848,0,26097
3328,79872,0,26097
3329,79896,0,26097
3330,79920,0,26097
3331,79944,0,26097
3332,79968,0,26097
3333,79992,0,26097
3334,80016,0,26097
3335,80040,0,26097
3336,80064,0,26097
3337,80088,0,26097
3338,80112,0,26097
3339,80136,0,26097
3340,80160,0,26097
3341,80184,0,26097
3342,80208,0,26097
3343,80232,0,26097
3344,80256,0,26097
3345,80280,0,26097
3346,80304,0,26097
3347,80328,0,26097
3348,80352,0,26097
3349,80376,0,26097
3350,80400,0,26097
3351,80424,0,26097
3352,80448,0,26097
3353,80472,0,26097
3354,80496,0,26097
3355,80520,0,26097
3356,80544,0,26097
3357,80568,1,26097
3358,80592,0,26097
3359,80616,0,26097
3360,80640,1,26097
3361,80664,0,26097
3362,80688,0,26097
3363,80712,0,26097
3364,80736,0,26097
3365,80760,0,26097
3366,80784,0,26097
3367,80808,0,26097
3368,80832,0,26097
3369,80856,0,26097
3370,80880,0,26097
3371,80904,0,26097
3372,80928,0,26097
3373,80952,0,26097
3374,80976,0,26097
3375,81000,0,26097
3376,81024,0,26097
3377,81048,0,26097
3378,81072,0,26097
3379,81096,0,26097
3380,81120,0,26097
3381,81144,0,26097
3382,81168,0,26097
3383,81192,0,26097
3384,81216,0,26097
3385,81240,0,26097
3386,81264,0,26097
3387,81288,0,26097
3388,81312,0,26097
3389,81336,0,26097
3390,81360,0,26097
3391,81384,0,26097
3392,81408,0,26097
3393,81432,0,26097
3394,81456,0,26097
3395,81480,0,26097
3396,81504,0,26097
3397,81528,0,26097
3398,81552,0,26097
3399,81576,0,26097
3400,81600,0,26097
3401,81624,0,26097
3402,81648,0,26097
3403,81672,0,26097
3404,81696,0,26097
3405,81720,0,26097
3406,81744,0,26097
3407,81768,0,26097
3408,81792,0,26097
3409,81816,0,26097
3410,81840,0,26097
3411,81864,0,26097
3412,81888,0,26097
3413,81912,0,26097
3414,81936,0,26097
3415,81960,0,26097
3416,81984,0,26097
3417,82008,0,26097
3418,82032,0,26097
3419,82056,0,26097
3420,82080,0,26097
3421,82104,0,26097
3422,82128,0,26097
3423,82152,0,26097
3424,82176,0,26097
3425,82200,0,26097
3426,82224,0,26097
3427,82248,0,26097
3428,82272,0,26097
3429,82296,0,26097
3430,82320,0,26097
3431,82344,0,26097
3432,82368,0,26097
3433,82392,0,26097
3434,82416,0,26097
3435,82440,0,26097
3436,82464,0,26097
3437,82488,0,26097
3438,82512,0,26097
3439,82536,0,26097
3440,82560,0,26097
3441,82584,0,26097
3442,82608,0,26097
3443,82632,0,26097
3444,82656,0,26097
3445,82680,0,26097
3446,82704,0,26097
3447,82728,0,26097
3448,82752,0,26097
3449,82776,0,26097
3450,82800,0,26097
3451,82824,0,26097
3452,82848,0,26097
3453,82872,0,26097
3454,82896,0,26097
3455,82920,0,26097
3456,82944,0,26097
3457,82968,0,26097
3458,82992,0,26097
3459,83016,0,26097
3460,83040,0,26097
3461,83064,0,26097
3462,83088,0,26097
3463,83112,0,26097
3464,83136,0,26097
3465,83160,0,26097
3466,83184,0,26097
3467,83208,0,26097
3468,83232,0,26097
3469,83256,0,26097
3470,83280,0,26097
3471,83304,0,26097
3472,83328,0,26097
3473,83352,0,26097
3474,83376,0,26097
3475,83400,0,26097
3476,83424,0,26097
3477,83448,0,26097
3478,83472,0,26097
3479,83496,0,26097
3480,83520,0,26097
3481,83544,0,26097
3482,83568,0,26097
3483,83592,0,26097
3484,83616,0,26097
3485,83640,0,26097
3486,83664,0,26097
3487,83688,0,26097
3488,83712,0,26097
3489,83736,0,26097
3490,83760,0,26097
3491,83784,0,26097
3492,83808,0,26097
3493,83832,0,26097
3494,83856,0,26097
3495,83880,0,26097
3496,83904,0,26097
3497,83928,0,26097
3498,83952,0,26097
3499,83976,0,26097
3500,84000,0,26097
3501,84024,0,26097
3502,84048,0,26097
3503,84072,0,26097
3504,84096,0,26097
3505,84120,0,26097
3506,84144,0,26097
3507,84168,0,26097
3508,84192,0,26097
3509,84216,0,26097
3510,84240,0,26097
3511,84264,0,26097
3512,84288,0,26097
3513,84312,0,26097
3514,84336,0,26097
3515,84360,0,26097
3516,84384,0,26097
3517,84408,0,26097
3518,84432,0,26097
3519,84456,0,26097
3520,84480,0,26097
3521,84504,0,26097
3522,84528,0,26097
3523,84552,0,26097
3524,84576,0,26097
3525,84600,0,26097
3526,84624,0,26097
3527,84648,0,26097
3528,84672,0,26097
3529,84696,0,26097
3530,84720,0,26097
3531,84744,0,26097
3532,84768,0,26097
3533,84792,0,26097
3534,84816,0,26097
3535,84840,0,26097
3536,84864,0,26097
3537,84888,0,26097
3538,84912,0,26097
3539,84936,0,26097
3540,84960,0,26097
3541,84984,0,26097
3542,85008,0,26097
3543,85032,0,26097
3544,85056,0,26097
3545,85080,0,26097
3546,85104,0,26097
3547,85128,0,26097
3548,85152,0,26097
3549,85176,0,26097
3550,85200,0,26097
3551,85224,0,26097
3552,85248,0,26097
3553,85272,0,26097
3554,85296,0,26097
3555,85320,0,26097
3556,85344,0,26097
3557,85368,0,26097
3558,85392,0,26097
3559,85416,0,26097
3560,85440,0,26097
3561,85464,0,26097
3562,85488,0,26097
3563,85512,0,26097
3564,85536,0,26097
3565,85560,0,26097
3566,85584,0,26097
3567,85608,0,26097
3568,85632,0,26097
3569,85656,0,26097
3570,85680,0,26097
3571,85704,0,26097
3572,85728,0,26097
3573,85752,0,26097
3574,85776,0,26097
3575,85800,0,26097
3576,85824,0,26097
3577,85848,0,26097
3578,85872,0,26097
3579,85896,0,26097
3580,85920,0,26097
3581,85944,0,26097
3582,85968,0,26097
3583,85992,0,26097
3584,86016,0,26097
3585,86040,0,26097
3586,86064,0,26097
3587,86088,0,26097
3588,86112,0,26097
3589,86136,0,26097
3590,86160,0,26097
3591,86184,0,26097
3592,86208,0,26097
3593,86232,0,26097
3594,86256,0,26097
3595,86280,0,26097
3596,86304,0,26097
3597,86328,0,26097
3598,86352,0,26097
3599,86376,0,26097
3600,86400,0,26097
3601,86424,0,26097
3602,86448,0,26097
3603,86472,0,26097
3604,86496,0,26097
3605,86520,0,26097
3606,86544,0,26097
3607,86568,0,26097
3608,86592,0,26097
3609,86616,0,26097
3610,86640,0,26097
3611,86664,0,26097
3612,86688,0,26097
3613,86712,0,26097
3614,86736,0,26097
3615,86760,0,26097
3616,86784,0,26097
3617,86808,0,26097
3618,86832,0,26097
3619,86856,0,26097
3620,86880,0,26097
3621,86904,0,26097
3622,86928,0,26097
3623,86952,0,26097
3624,86976,0,26097
3625,87000,1,26097
3626,87024,0,26097
3627,87048,0,26097
3628,87072,0,26097
3629,87096,0,26097
3630,87120,0,26097
3631,87144,1,26097
3632,87168,0,26097
3633,87192,0,26097
3634,87216,0,26097
3635,87240,0,26097
3636,87264,0,26097
3637,87288,0,26097
3638,87312,0,26097
3639,87336,0,26097
3640,87360,0,26097
3641,87384,0,26097
3642,87408,0,26097
3643,87432,0,26097
3644,87456,0,26097
3645,87480,0,26097
3646,87504,0,26097
3647,87528,0,26097
3648,87552,0,26097
3649,87576,0,26097
3650,87600,0,26097
3651,87624,0,26097
3652,87648,0,26097
3653,87672,0,26097
3654,87696,0,26097
3655,87720,0,26097
3656,87744,0,26097
3657,87768,0,26097
3658,87792,0,26097
3659,87816,0,26097
3660,87840,0,26097
3661,87864,0,26097
3662,87888,0,26097
3663,87912,0,26097
3664,87936,0,26097
3665,87960,0,26097
3666,87984,0,26097
3667,88008,0,26097
3668,88032,0,26097
3669,88056,0,26097
3670,88080,0,26097
3671,88104,0,26097
3672,88128,0,26097
3673,88152,0,26097
3674,88176,0,26097
3675,88200,0,26097
3676,88224,0,26097
3677,88248,0,26097
3678,88272,0,26097
3679,88296,0,26097
3680,88320,0,26097
3681,88344,0,26097
3682,88368,0,26097
3683,88392,0,26097
3684,88416,0,26097
3685,88440,0,26097
3686,88464,0,26097
3687,88488,0,26097
3688,88512,0,26097
3689,88536,0,26097
3690,88560,0,26097
3691,88584,0,26097
3692,88608,0,26097
3693,88632,0,26097
3694,88656,0,26097
3695,88680,0,26097
3696,88704,0,26097
3697,88728,0,26097
3698,88752,0,26097
3699,88776,0,26097
3700,88800,0,26097
3701,88824,0,26097
3702,88848,0,26097
3703,88872,0,26097
3704,88896,0,26097
3705,88920,0,26097
3706,88944,0,26097
3707,88968,0,26097
3708,88992,0,26097
3709,89016,0,26097
3710,89040,0,26097
3711,89064,0,26097
3712,89088,0,26097
3713,89112,0,26097
3714,89136,0,26097
3715,89160,0,26097
3716,89184,0,26097
3717,89208,0,26097
3718,89232,0,26097
3719,89256,0,26097
3720,89280,0,26097
3721,89304,0,26097
3722,89328,0,26097
3723,89352,0,26097
3724,89376,0,26097
3725,89400,0,26097
3726,89424,0,26097
3727,89448,0,26097
3728,89472,0,26097
3729,89496,0,26097
3730,89520,0,26097
3731,89544,0,26097
3732,89568,0,26097
3733,89592,0,26097
3734,89616,0,26097
3735,89640,0,26097
3736,89664,0,26097
3737,89688,0,26097
3738,89712,0,26097
3739,89736,0,26097
3740,89760,0,26097
3741,89784,0,26097
3742,89808,0,26097
3743,89832,0,26097
3744,89856,0,26097
3745,89880,0,26097
3746,89904,0,26097
3747,89928,0,26097
3748,89952,0,26097
3749,89976,0,26097
3750,90000,0,26097
3751,90024,0,26097
3752,90048,0,26097
3753,90072,0,26097
3754,90096,0,26097
3755,90120,0,26097
3756,90144,0,26097
3757,90168,0,26097
3758,90192,0,26097
3759,90216,0,26097
3760,90240,0,26097
3761,90264,0,26097
3762,90288,0,26097
3763,90312,0,26097
3764,90336,0,26097
3765,90360,0,26097
3766,90384,0,26097
3767,90408,0,26097
3768,90432,0,26097
3769,90456,0,26097
3770,90480,0,26097
3771,90504,0,26097
3772,90528,0,26097
3773,90552,0,26097
3774,90576,0,26097
3775,90600,0,26097
3776,90624,0,26097
3777,90648,0,26097
3778,90672,0,26097
3779,90696,0,26097
3780,90720,0,26097
3781,90744,0,26097
3782,90768,0,26097
3783,90792,0,26097
3784,90816,0,26097
3785,90840,0,26097
3786,90864,0,26097
3787,90888,0,26097
3788,90912,0,26097
3789,90936,0,26097
3790,90960,0,26097
3791,90984,0,26097
3792,91008,0,26097
3793,91032,0,26097
3794,91056,0,26097
3795,91080,0,26097
3796,91104,0,26097
3797,91128,0,26097
3798,91152,0,26097
3799,91176,0,26097
3800,91200,0,26097
3801,91224,0,26097
3802,91248,0,26097
3803,91272,0,26097
3804,91296,0,26097
3805,91320,0,26097
3806,91344,0,26097
3807,91368,0,26097
3808,91392,0,26097
3809,91416,0,26097
3810,91440,0,26097
3811,91464,0,26097
3812,91488,0,26097
3813,91512,0,26097
3814,91536,0,26097
3815,91560,0,26097
3816,91584,0,26097
3817,91608,0,26097
3818,91632,0,26097
3819,91656,0,26097
3820,91680,0,26097
3821,91704,0,26097
3822,91728,0,26097
3823,91752,0,26097
3824,91776,0,26097
3825,91800,0,26097
3826,91824,0,26097
3827,91848,0,26097
3828,91872,0,26097
3829,91896,0,26097
3830,91920,0,26097
3831,91944,0,26097
3832,91968,0,26097
3833,91992,0,26097
3834,92016,0,26097
3835,92040,0,26097
3836,92064,0,26097
3837,92088,0,26097
3838,92112,0,26097
3839,92136,0,26097
3840,92160,0,26097
3841,92184,0,26097
3842,92208,0,26097
3843,92232,0,26097
3844,92256,0,26097
3845,92280,0,26097
3846,92304,0,26097
3847,92328,0,26097
3848,92352,0,26097
3849,92376,0,26097
3850,92400,0,26097
3851,92424,0,26097
3852,92448,0,26097
3853,92472,0,26097
3854,92496,0,26097
3855,92520,0,26097
3856,92544,0,26097
3857,92568,0,26097
3858,92592,0,26097
3859,92616,0,26097
3860,92640,0,26097
3861,92664,0,26097
3862,92688,0,26097
3863,92712,0,26097
3864,92736,0,26097
3865,92760,0,26097
3866,92784,0,26097
3867,92808,0,26097
3868,92832,0,26097
3869,92856,0,26097
3870,92880,0,26097
3871,92904,0,26097
3872,92928,0,26097
3873,92952,0,26097
3874,92976,0,26097
3875,93000,0,26097
3876,93024,0,26097
3877,93048,0,26097
3878,93072,0,26097
3879,93096,0,26097
3880,93120,0,26097
3881,93144,0,26097
3882,93168,0,26097
3883,93192,0,26097
3884,93216,0,26097
3885,93240,0,26097
3886,93264,0,26097
3887,93288,0,26097
3888,93312,0,26097
3889,93336,0,26097
3890,93360,0,26097
3891,93384,0,26097
3892,93408,0,26097
3893,93432,0,26097
3894,93456,0,26097
3895,93480,0,26097
3896,93504,0,26097
3897,93528,0,26097
3898,93552,0,26097
3899,93576,0,26097
3900,93600,0,26097
3901,93624,0,26097
3902,93648,0,26097
3903,93672,0,26097
3904,93696,0,26097
3905,93720,0,26097
3906,93744,0,26097
3907,93768,0,26097
3908,93792,0,26097
3909,93816,0,26097
3910,93840,0,26097
3911,93864,0,26097
3912,93888,0,26097
3913,93912,0,26097
3914,93936,0,26097
3915,93960,0,26097
3916,93984,0,26097
3917,94008,0,26097
3918,94032,0,26097
3919,94056,0,26097
3920,94080,0,26097
3921,94104,0,26097
3922,94128,0,26097
3923,94152,0,26097
3924,94176,0,26097
3925,94200,0,26097
3926,94224,0,26097
3927,94248,0,26097
3928,94272,0,26097
3929,94296,0,26097
3930,94320,0,26097
3931,94344,0,26097
3932,94368,0,26097
3933,94392,0,26097
3934,94416,0,26097
3935,94440,0,26097
3936,94464,0,26097
3937,94488,0,26097
3938,94512,0,26097
3939,94536,0,26097
3940,94560,1,26097
3941,94584,0,26097
3942,94608,0,26097
3943,94632,1,26097
3944,94656,1,26097
3945,94680,0,26097
3946,94704,0,26097
3947,94728,0,26097
3948,94752,0,26097
3949,94776,0,26097
3950,94800,0,26097
3951,94824,0,26097
3952,94848,0,26097
3953,94872,0,26097
3954,94896,0,26097
3955,94920,0,26097
3956,94944,0,26097
3957,94968,0,26097
3958,94992,0,26097
3959,95016,0,26097
3960,95040,0,26097
3961,95064,0,26097
3962,95088,0,26097
3963,95112,0,26097
3964,95136,0,26097
3965,95160,0,26097
3966,95184,0,26097
3967,95208,0,26097
3968,95232,0,26097
3969,95256,0,26097
3970,95280,0,26097
3971,95304,0,26097
3972,95328,0,26097
3973,95352,0,26097
3974,95376,0,26097
3975,95400,0,26097
3976,95424,0,26097
3977,95448,0,26097
3978,95472,0,26097
3979,95496,0,26097
3980,95520,0,26097
3981,95544,0,26097
3982,95568,0,26097
3983,95592,0,26097
3984,95616,0,26097
3985,95640,0,26097
3986,95664,0,26097
3987,95688,0,26097
3988,95712,0,26097
3989,95736,0,26097
3990,95760,0,26097
3991,95784,0,26097
3992,95808,0,26097
3993,95832,0,26097
3994,95856,0,26097
3995,95880,0,26097
3996,95904,0,26097
3997,95928,0,26097
3998,95952,0,26097
3999,95976,0,26097
4000,96000,0,26097
4001,96024,0,26097
4002,96048,0,26097
4003,96072,0,26097
4004,96096,0,26097
4005,96120,0,26097
4006,96144,0,26097
4007,96168,0,26097
4008,96192,0,26097
4009,96216,0,26097
4010,96240,0,26097
4011,96264,0,26097
4012,96288,0,26097
4013,96312,0,26097
4014,96336,0,26097
4015,96360,0,26097
4016,96384,0,26097
4017,96408,0,26097
4018,96432,0,26097
4019,96456,0,26097
4020,96480,0,26097
4021,96504,0,26097
4022,96528,0,26097
4023,96552,0,26097
4024,96576,0,26097
4025,96600,0,26097
4026,96624,0,26097
4027,96648,0,26097
4028,96672,0,26097
4029,96696,0,26097
4030,96720,0,26097
4031,96744,0,26097
4032,96768,0,26097
4033,96792,0,26097
4034,96816,0,26097
4035,96840,0,26097
4036,96864,0,26097
4037,96888,0,26097
4038,96912,0,26097
4039,96936,0,26097
4040,96960,0,26097
4041,96984,0,26097
4042,97008,0,26097
4043,97032,0,26097
4044,97056,0,26097
4045,97080,0,26097
4046,97104,0,26097
4047,97128,0,26097
4048,97152,0,26097
4049,97176,0,26097
4050,97200,0,26097
4051,97224,0,26097
4052,97248,0,26097
4053,97272,0,26097
4054,97296,0,26097
4055,97320,0,26097
4056,97344,0,26097
4057,97368,0,26097
4058,97392,0,26097
4059,97416,0,26097
4060,97440,0,26097
4061,97464,0,26097
4062,97488,0,26097
4063,97512,0,26097
4064,97536,0,26097
4065,97560,0,26097
4066,97584,0,26097
4067,97608,0,26097
4068,97632,0,26097
4069,97656,0,26097
4070,97680,0,26097
4071,97704,0,26097
4072,97728,0,26097
4073,97752,0,26097
4074,97776,0,26097
4075,97800,0,26097
4076,97824,0,26097
4077,97848,0,26097
4078,97872,0,26097
4079,97896,0,26097
4080,97920,0,26097
4081,97944,0,26097
4082,97968,0,26097
4083,97992,0,26097
4084,98016,0,26097
4085,98040,0,26097
4086,98064,0,26097
4087,98088,0,26097
4088,98112,0,26097
4089,98136,0,26097
4090,98160,0,26097
4091,98184,0,26097
4092,98208,0,26097
4093,98232,0,26097
4094,98256,0,26097
4095,98280,0,26097
4096,98304,0,26097
4097,98328,0,26097
4098,98352,0,26097
4099,98376,0,26097
4100,98400,0,26097
4101,98424,0,26097
4102,98448,0,26097
4103,98472,0,26097
4104,98496,0,26097
4105,98520,0,26097
4106,98544,0,26097
4107,98568,0,26097
4108,98592,0,26097
4109,98616,0,26097
4110,98640,0,26097
4111,98664,0,26097
4112,98688,0,26097
4113,98712,0,26097
4114,98736,0,26097
4115,98760,0,26097
4116,98784,0,26097
4117,98808,0,26097
4118,98832,0,26097
4119,98856,0,26097
4120,98880,0,26097
4121,98904,0,26097
4122,98928,0,26097
4123,98952,0,26097
4124,98976,0,26097
4125,99000,0,26097
4126,99024,0,26097
4127,99048,0,26097
4128,99072,0,26097
4129,99096,0,26097
4130,99120,0,26097
4131,99144,0,26097
4132,99168,0,26097
4133,99192,0,26097
4134,99216,0,26097
4135,99240,0,26097
4136,99264,0,26097
4137,99288,0,26097
4138,99312,0,26097
4139,99336,0,26097
4140,99360,0,26097
4141,99384,0,26097
4142,99408,0,26097
4143,99432,0,26097
4144,99456,0,26097
4145,99480,0,26097
4146,99504,0,26097
4147,99528,0,26097
4148,99552,0,26097
4149,99576,0,26097
4150,99600,0,26097
4151,99624,0,26097
4152,99648,0,26097
4153,99672,0,26097
4154,99696,0,26097
4155,99720,0,26097
4156,99744,0,26097
4157,99768,0,26097
4158,99792,0,26097
4159,99816,0,26097
4160,99840,0,26097
4161,99864,0,26097
4162,99888,0,26097
4163,99912,0,26097
4164,99936,0,26097
4165,99960,0,26097
4166,99984,0,26097
4167,100008,0,26097
4168,100032,0,26097
4169,100056,0,26097
4170,100080,0,26097
4171,100104,0,26097
4172,100128,0,26097
4173,100152,0,26097
4174,100176,0,26097
4175,100200,0,26097
4176,100224,0,26097
4177,100248,0,26097
4178,100272,0,26097
4179,100296,0,26097
4180,100320,0,26097
4181,100344,0,26097
4182,100368,0,26097
4183,100392,0,26097
4184,100416,0,26097
4185,100440,0,26097
4186,100464,0,26097
4187,100488,0,26097
4188,100512,0,26097
4189,100536,0,26097
4190,100560,0,26097
4191,100584,0,26097
4192,100608,0,26097
4193,100632,0,26097
4194,100656,0,26097
4195,100680,0,26097
4196,100704,0,26097
4197,100728,0,26097
4198,100752,0,26097
4199,100776,0,26097
4200,100800,0,26097
4201,100824,0,26097
4202,100848,0,26097
4203,100872,0,26097
4204,100896,0,26097
4205,100920,0,26097
4206,100944,0,26097
4207,100968,0,26097
4208,100992,0,26097
4209,101016,0,26097
4210,101040,0,26097
4211,101064,0,26097
4212,101088,0,26097
4213,101112,0,26097
4214,101136,0,26097
4215,101160,0,26097
4216,101184,0,26097
4217,101208,0,26097
4218,101232,0,26097
4219,101256,0,26097
4220,101280,0,26097
4221,101304,0,26097
4222,101328,0,26097
4223,101352,0,26097
4224,101376,0,26097
4225,101400,0,26097
4226,101424,0,26097
4227,101448,0,26097
4228,101472,0,26097
4229,101496,0,26097
4230,101520,0,26097
4231,101544,0,26097
4232,101568,0,26097
4233,101592,0,26097
4234,101616,0,26097
4235,101640,0,26097
4236,101664,0,26097
4237,101688,0,26097
4238,101712,0,26097
4239,101736,0,26097
4240,101760,0,26097
4241,101784,0,26097
4242,101808,0,26097
4243,101832,0,26097
4244,101856,0,26097
4245,101880,0,26097
4246,101904,0,26097
4247,101928,0,26097
4248,101952,0,26097
4249,101976,0,26097
4250,102000,0,26097
4251,102024,0,26097
4252,102048,0,26097
4253,102072,0,26097
4254,102096,0,26097
4255,102120,0,26097
4256,102144,0,26097
4257,102168,0,26097
4258,102192,0,26097
4259,102216,0,26097
4260,102240,0,26097
4261,102264,0,26097
4262,102288,0,26097
4263,102312,0,26097
4264,102336,0,26097
4265,102360,0,26097
4266,102384,0,26097
4267,102408,0,26097
4268,102432,0,26097
4269,102456,0,26097
4270,102480,0,26097
4271,102504,0,26097
4272,102528,0,26097
4273,102552,0,26097
4274,102576,0,26097
4275,102600,0,26097
4276,102624,0,26097
4277,102648,0,26097
4278,102672,0,26097
4279,102696,0,26097
4280,102720,0,26097
4281,102744,0,26097
4282,102768,0,26097
4283,102792,0,26097
4284,102816,0,26097
4285,102840,0,26097
4286,102864,0,26097
4287,102888,0,26097
4288,102912,0,26097
4289,102936,0,26097
4290,102960,0,26097
4291,102984,0,26097
4292,103008,0,26097
4293,103032,0,26097
4294,103056,0,26097
4295,103080,0,26097
4296,103104,1,26097
4297,103128,0,26097
4298,103152,0,26097
4299,103176,0,26097
4300,103200,0,26097
4301,103224,0,26097
4302,103248,0,26097
4303,103272,0,26097
4304,103296,0,26097
4305,103320,0,26097
4306,103344,0,26097
4307,103368,0,26097
4308,103392,0,26097
4309,103416,0,26097
4310,103440,0,26097
4311,103464,0,26097
4312,103488,0,26097
4313,103512,0,26097
4314,103536,0,26097
4315,103560,0,26097
4316,103584,0,26097
4317,103608,0,26097
4318,103632,0,26097
4319,103656,0,26097
4320,103680,0,26097
4321,103704,0,26097
4322,103728,0,26097
4323,103752,0,26097
4324,103776,0,26097
4325,103800,0,26097
4326,103824,0,26097
4327,103848,0,26097
4328,103872,0,26097
4329,103896,0,26097
4330,103920,0,26097
4331,103944,0,26097
4332,103968,0,26097
4333,103992,0,26097
4334,104016,0,26097
4335,104040,0,26097
4336,104064,0,26097
4337,104088,0,26097
4338,104112,0,26097
4339,104136,0,26097
4340,104160,0,26097
4341,104184,0,26097
4342,104208,0,26097
4343,104232,0,26097
4344,104256,0,26097
4345,104280,0,26097
4346,104304,0,26097
4347,104328,1,26097
4348,104352,0,26097
4349,104376,0,26097
4350,104400,0,26097
4351,104424,0,26097
4352,104448,0,26097
4353,104472,0,26097
4354,104496,0,26097
4355,104520,0,26097
4356,104544,0,26097
4357,104568,0,26097
4358,104592,0,26097
4359,104616,0,26097
4360,104640,0,26097
4361,104664,0,26097
4362,104688,0,26097
4363,104712,0,26097
4364,104736,0,26097
4365,104760,0,26097
4366,104784,0,26097
4367,104808,0,26097
4368,104832,0,26097
4369,104856,0,26097
4370,104880,0,26097
4371,104904,0,26097
4372,104928,0,26097
4373,104952,0,26097
4374,104976,0,26097
4375,105000,0,26097
4376,105024,0,26097
4377,105048,0,26097
4378,105072,0,26097
4379,105096,0,26097
4380,105120,0,26097
4381,105144,0,26097
4382,105168,0,26097
4383,105192,0,26097
4384,105216,0,26097
4385,105240,0,26097
4386,105264,0,26097
4387,105288,0,26097
4388,105312,0,26097
4389,105336,0,26097
4390,105360,0,26097
4391,105384,0,26097
4392,105408,0,26097
4393,105432,0,26097
4394,105456,0,26097
4395,105480,0,26097
4396,105504,0,26097
4397,105528,0,26097
4398,105552,0,26097
4399,105576,0,26097
4400,105600,0,26097
4401,105624,0,26097
4402,105648,0,26097
4403,105672,0,26097
4404,105696,0,26097
4405,105720,0,26097
4406,105744,0,26097
4407,105768,0,26097
4408,105792,0,26097
4409,105816,0,26097
4410,105840,0,26097
4411,105864,0,26097
4412,105888,0,26097
4413,105912,0,26097
4414,105936,0,26097
4415,105960,0,26097
4416,105984,0,26097
4417,106008,0,26097
4418,106032,0,26097
4419,106056,1,26097
4420,106080,0,26097
4421,106104,1,26097
4422,106128,0,26097
4423,106152,0,26097
4424,106176,0,26097
4425,106200,0,26097
4426,106224,0,26097
4427,106248,0,26097
4428,106272,1,26097
4429,106296,0,26097
4430,106320,0,26097
4431,106344,0,26097
4432,106368,0,26097
4433,106392,0,26097
4434,106416,0,26097
4435,106440,0,26097
4436,106464,0,26097
4437,106488,0,26097
4438,106512,0,26097
4439,106536,0,26097
4440,106560,0,26097
4441,106584,0,26097
4442,106608,0,26097
4443,106632,0,26097
4444,106656,0,26097
4445,106680,0,26097
4446,106704,0,26097
4447,106728,0,26097
4448,106752,0,26097
4449,106776,0,26097
4450,106800,0,26097
4451,106824,0,26097
4452,106848,0,26097
4453,106872,0,26097
4454,106896,0,26097
4455,106920,0,26097
4456,106944,0,26097
4457,106968,0,26097
4458,106992,0,26097
4459,107016,0,26097
4460,107040,0,26097
4461,107064,0,26097
4462,107088,0,26097
4463,107112,0,26097
4464,107136,0,26097
4465,107160,0,26097
4466,107184,0,26097
4467,107208,0,26097
4468,107232,0,26097
4469,107256,0,26097
4470,107280,0,26097
4471,107304,0,26097
4472,107328,0,26097
4473,107352,0,26097
4474,107376,0,26097
4475,107400,0,26097
4476,107424,0,26097
4477,107448,0,26097
4478,107472,0,26097
4479,107496,0,26097
4480,107520,0,26097
4481,107544,0,26097
4482,107568,0,26097
4483,107592,0,26097
4484,107616,0,26097
4485,107640,0,26097
4486,107664,0,26097
4487,107688,0,26097
4488,107712,0,26097
4489,107736,0,26097
4490,107760,0,26097
4491,107784,0,26097
4492,107808,0,26097
4493,107832,0,26097
4494,107856,0,26097
4495,107880,0,26097
4496,107904,0,26097
4497,107928,0,26097
4498,107952,0,26097
4499,107976,0,26097
4500,108000,0,26097
4501,108024,0,26097
4502,108048,0,26097
4503,108072,0,26097
4504,108096,0,26097
4505,108120,0,26097
4506,108144,0,26097
4507,108168,0,26097
4508,108192,0,26097
4509,108216,0,26097
4510,108240,0,26097
4511,108264,0,26097
4512,108288,0,26097
4513,108312,0,26097
4514,108336,0,26097
4515,108360,0,26097
4516,108384,0,26097
4517,108408,0,26097
4518,108432,0,26097
4519,108456,0,26097
4520,108480,0,26097
4521,108504,0,26097
4522,108528,0,26097
4523,108552,0,26097
4524,108576,0,26097
4525,108600,0,26097
4526,108624,0,26097
4527,108648,0,26097
4528,108672,0,26097
4529,108696,0,26097
4530,108720,0,26097
4531,108744,0,26097
4532,108768,0,26097
4533,108792,0,26097
4534,108816,0,26097
4535,108840,0,26097
4536,108864,0,26097
4537,108888,0,26097
4538,108912,1,26097
4539,108936,1,26097
4540,108960,1,26097
4541,108984,1,26097
4542,109008,0,26097
4543,109032,0,26097
4544,109056,0,26097
4545,109080,0,26097
4546,109104,0,26097
4547,109128,0,26097
4548,109152,0,26097
4549,109176,0,26097
4550,109200,0,26097
4551,109224,0,26097
4552,109248,0,26097
4553,109272,0,26097
4554,109296,0,26097
4555,109320,0,26097
4556,109344,0,26097
4557,109368,0,26097
4558,109392,0,26097
4559,109416,0,26097
4560,109440,0,26097
4561,109464,0,26097
4562,109488,0,26097
4563,109512,0,26097
4564,109536,0,26097
4565,109560,0,26097
4566,109584,0,26097
4567,109608,0,26097
4568,109632,0,26097
4569,109656,0,26097
4570,109680,0,26097
4571,109704,0,26097
4572,109728,0,26097
4573,109752,0,26097
4574,109776,0,26097
4575,109800,0,26097
4576,109824,0,26097
4577,109848,0,26097
4578,109872,0,26097
4579,109896,0,26097
4580,109920,0,26097
4581,109944,0,26097
4582,109968,0,26097
4583,109992,0,26097
4584,110016,0,26097
4585,110040,0,26097
4586,110064,0,26097
4587,110088,0,26097
4588,110112,0,26097
4589,110136,0,26097
4590,110160,0,26097
4591,110184,0,26097
4592,110208,0,26097
4593,110232,0,26097
4594,110256,0,26097
4595,110280,0,26097
4596,110304,0,26097
4597,110328,0,26097
4598,110352,0,26097
4599,110376,0,26097
4600,110400,0,26097
4601,110424,0,26097
4602,110448,0,26097
4603,110472,0,26097
4604,110496,0,26097
4605,110520,0,26097
4606,110544,0,26097
4607,110568,0,26097
4608,110592,0,26097
4609,110616,0,26097
4610,110640,0,26097
4611,110664,0,26097
4612,110688,0,26097
4613,110712,0,26097
4614,110736,0,26097
4615,110760,0,26097
4616,110784,0,26097
4617,110808,0,26097
4618,110832,0,26097
4619,110856,0,26097
4620,110880,0,26097
4621,110904,0,26097
4622,110928,0,26097
4623,110952,0,26097
4624,110976,0,26097
4625,111000,0,26097
4626,111024,0,26097
4627,111048,0,26097
4628,111072,0,26097
4629,111096,0,26097
4630,111120,0,26097
4631,111144,0,26097
4632,111168,0,26097
4633,111192,0,26097
4634,111216,0,26097
4635,111240,0,26097
4636,111264,0,26097
4637,111288,0,26097
4638,111312,0,26097
4639,111336,0,26097
4640,111360,0,26097
4641,111384,0,26097
4642,111408,0,26097
4643,111432,0,26097
4644,111456,0,26097
4645,111480,0,26097
4646,111504,0,26097
4647,111528,0,26097
4648,111552,0,26097
4649,111576,0,26097
4650,111600,0,26097
4651,111624,0,26097
4652,111648,0,26097
4653,111672,0,26097
4654,111696,0,26097
4655,111720,0,26097
4656,111744,0,26097
4657,111768,0,26097
4658,111792,0,26097
4659,111816,0,26097
4660,111840,0,26097
4661,111864,0,26097
4662,111888,0,26097
4663,111912,0,26097
4664,111936,0,26097
4665,111960,0,26097
4666,111984,0,26097
4667,112008,0,26097
4668,112032,0,26097
4669,112056,0,26097
4670,112080,0,26097
4671,112104,0,26097
4672,112128,0,26097
4673,112152,0,26097
4674,112176,0,26097
4675,112200,0,26097
4676,112224,0,26097
4677,112248,0,26097
4678,112272,0,26097
4679,112296,0,26097
4680,112320,0,26097
4681,112344,0,26097
4682,112368,0,26097
4683,112392,0,26097
4684,112416,0,26097
4685,112440,0,26097
4686,112464,0,26097
4687,112488,0,26097
4688,112512,0,26097
4689,112536,0,26097
4690,112560,0,26097
4691,112584,0,26097
4692,112608,0,26097
4693,112632,0,26097
4694,112656,0,26097
4695,112680,0,26097
4696,112704,0,26097
4697,112728,0,26097
4698,112752,0,26097
4699,112776,0,26097
4700,112800,0,26097
4701,112824,0,26097
4702,112848,0,26097
4703,112872,0,26097
4704,112896,0,26097
4705,112920,0,26097
4706,112944,0,26097
4707,112968,0,26097
4708,112992,0,26097
4709,113016,0,26097
4710,113040,0,26097
4711,113064,0,26097
4712,113088,0,26097
4713,113112,0,26097
4714,113136,0,26097
4715,113160,0,26097
4716,113184,0,26097
4717,113208,0,26097
4718,113232,0,26097
4719,113256,0,26097
4720,113280,0,26097
4721,113304,0,26097
4722,113328,0,26097
4723,113352,0,26097
4724,113376,0,26097
4725,113400,0,26097
4726,113424,1,26097
4727,113448,0,26097
4728,113472,0,26097
4729,113496,0,26097
4730,113520,0,26097
4731,113544,0,26097
4732,113568,0,26097
4733,113592,0,26097
4734,113616,0,26097
4735,113640,0,26097
4736,113664,0,26097
4737,113688,0,26097
4738,113712,0,26097
4739,113736,0,26097
4740,113760,0,26097
4741,113784,0,26097
4742,113808,0,26097
4743,113832,0,26097
4744,113856,0,26097
4745,113880,0,26097
4746,113904,0,26097
4747,113928,0,26097
4748,113952,0,26097
4749,113976,0,26097
4750,114000,0,26097
4751,114024,0,26097
4752,114048,0,26097
4753,114072,0,26097
4754,114096,0,26097
4755,114120,0,26097
4756,114144,0,26097
4757,114168,0,26097
4758,114192,0,26097
4759,114216,0,26097
4760,114240,0,26097
4761,114264,0,26097
4762,114288,0,26097
4763,114312,0,26097
4764,114336,0,26097
4765,114360,0,26097
4766,114384,0,26097
4767,114408,0,26097
4768,114432,0,26097
4769,114456,0,26097
4770,114480,0,26097
4771,114504,0,26097
4772,114528,0,26097
4773,114552,0,26097
4774,114576,0,26097
4775,114600,0,26097
4776,114624,0,26097
4777,114648,0,26097
4778,114672,0,26097
4779,114696,0,26097
4780,114720,0,26097
4781,114744,0,26097
4782,114768,0,26097
4783,114792,0,26097
4784,114816,0,26097
4785,114840,0,26097
4786,114864,0,26097
4787,114888,0,26097
4788,114912,0,26097
4789,114936,0,26097
4790,114960,0,26097
4791,114984,0,26097
4792,115008,0,26097
4793,115032,0,26097
4794,115056,0,26097
4795,115080,0,26097
4796,115104,0,26097
4797,115128,0,26097
4798,115152,0,26097
4799,115176,0,26097
4800,115200,0,26097
4801,115224,0,26097
4802,115248,0,26097
4803,115272,0,26097
4804,115296,0,26097
4805,115320,0,26097
4806,115344,1,26097
4807,115368,0,26097
4808,115392,0,26097
4809,115416,0,26097
4810,115440,0,26097
4811,115464,0,26097
4812,115488,0,26097
4813,115512,0,26097
4814,115536,0,26097
4815,115560,0,26097
4816,115584,0,26097
4817,115608,0,26097
4818,115632,0,26097
4819,115656,0,26097
4820,115680,0,26097
4821,115704,0,26097
4822,115728,0,26097
4823,115752,0,26097
4824,115776,0,26097
4825,115800,0,26097
4826,115824,0,26097
4827,115848,0,26097
4828,115872,0,26097
4829,115896,0,26097
4830,115920,0,26097
4831,115944,0,26097
4832,115968,0,26097
4833,115992,0,26097
4834,116016,0,26097
4835,116040,0,26097
4836,116064,0,26097
4837,116088,0,26097
4838,116112,0,26097
4839,116136,0,26097
4840,116160,0,26097
4841,116184,0,26097
4842,116208,0,26097
4843,116232,0,26097
4844,116256,0,26097
4845,116280,0,26097
4846,116304,0,26097
4847,116328,0,26097
4848,116352,0,26097
4849,116376,0,26097
4850,116400,0,26097
4851,116424,0,26097
4852,116448,0,26097
4853,116472,0,26097
4854,116496,0,26097
4855,116520,0,26097
4856,116544,0,26097
4857,116568,0,26097
4858,116592,0,26097
4859,116616,0,26097
4860,116640,0,26097
4861,116664,0,26097
4862,116688,0,26097
4863,116712,1,26097
4864,116736,0,26097
4865,116760,0,26097
4866,116784,0,26097
4867,116808,0,26097
4868,116832,0,26097
4869,116856,0,26097
4870,116880,0,26097
4871,116904,0,26097
4872,116928,0,26097
4873,116952,0,26097
4874,116976,0,26097
4875,117000,0,26097
4876,117024,0,26097
4877,117048,0,26097
4878,117072,0,26097
4879,117096,0,26097
4880,117120,0,26097
4881,117144,0,26097
4882,117168,0,26097
4883,117192,0,26097
4884,117216,0,26097
4885,117240,0,26097
4886,117264,0,26097
4887,117288,0,26097
4888,117312,0,26097
4889,117336,0,26097
4890,117360,0,26097
4891,117384,0,26097
4892,117408,0,26097
4893,117432,0,26097
4894,117456,0,26097
4895,117480,0,26097
4896,117504,0,26097
4897,117528,0,26097
4898,117552,0,26097
4899,117576,0,26097
4900,117600,0,26097
4901,117624,0,26097
4902,117648,0,26097
4903,117672,0,26097
4904,117696,0,26097
4905,117720,0,26097
4906,117744,0,26097
4907,117768,0,26097
4908,117792,0,26097
4909,117816,0,26097
4910,117840,0,26097
4911,117864,0,26097
4912,117888,0,26097
4913,117912,0,26097
4914,117936,0,26097
4915,117960,0,26097
4916,117984,0,26097
4917,118008,0,26097
4918,118032,0,26097
4919,118056,0,26097
4920,118080,0,26097
4921,118104,0,26097
4922,118128,0,26097
4923,118152,0,26097
4924,118176,0,26097
4925,118200,0,26097
4926,118224,0,26097
4927,118248,0,26097
4928,118272,0,26097
4929,118296,1,26097
4930,118320,0,26097
4931,118344,1,26097
4932,118368,0,26097
4933,118392,1,26097
4934,118416,1,26097
4935,118440,0,26097
4936,118464,0,26097
4937,118488,0,26097
4938,118512,0,26097
4939,118536,0,26097
4940,118560,0,26097
4941,118584,0,26097
4942,118608,0,26097
4943,118632,1,26097
4944,118656,0,26097
4945,118680,0,26097
4946,118704,0,26097
4947,118728,0,26097
4948,118752,0,26097
4949,118776,0,26097
4950,118800,0,26097
4951,118824,0,26097
4952,118848,0,26097
4953,118872,0,26097
4954,118896,0,26097
4955,118920,0,26097
4956,118944,0,26097
4957,118968,0,26097
4958,118992,0,26097
4959,119016,0,26097
4960,119040,0,26097
4961,119064,0,26097
4962,119088,0,26097
4963,119112,0,26097
4964,119136,0,26097
4965,119160,0,26097
4966,119184,0,26097
4967,119208,0,26097
4968,119232,0,26097
4969,119256,0,26097
4970,119280,0,26097
4971,119304,0,26097
4972,119328,0,26097
4973,119352,0,26097
4974,119376,0,26097
4975,119400,0,26097
4976,119424,0,26097
4977,119448,0,26097
4978,119472,0,26097
4979,119496,0,26097
4980,119520,0,26097
4981,119544,0,26097
4982,119568,0,26097
4983,119592,0,26097
4984,119616,0,26097
4985,119640,0,26097
4986,119664,0,26097
4987,119688,0,26097
4988,119712,0,26097
4989,119736,0,26097
4990,119760,0,26097
4991,119784,0,26097
4992,119808,0,26097
4993,119832,0,26097
4994,119856,0,26097
4995,119880,0,26097
4996,119904,0,26097
4997,119928,0,26097
4998,119952,0,26097
4999,119976,0,26097
5000,120000,0,26097
5001,120024,0,26097
5002,120048,0,26097
5003,120072,0,26097
5004,120096,0,26097
5005,120120,0,26097
5006,120144,0,26097
5007,120168,0,26097
5008,120192,0,26097
5009,120216,0,26097
5010,120240,0,26097
5011,120264,0,26097
5012,120288,0,26097
5013,120312,0,26097
5014,120336,0,26097
5015,120360,0,26097
5016,120384,0,26097
5017,120408,0,26097
5018,120432,0,26097
5019,120456,0,26097
5020,120480,0,26097
5021,120504,0,26097
5022,120528,0,26097
5023,120552,0,26097
5024,120576,0,26097
5025,120600,0,26097
5026,120624,0,26097
5027,120648,0,26097
5028,120672,0,26097
5029,120696,0,26097
5030,120720,0,26097
5031,120744,0,26097
5032,120768,0,26097
5033,120792,0,26097
5034,120816,0,26097
5035,120840,0,26097
5036,120864,0,26097
5037,120888,0,26097
5038,120912,0,26097
5039,120936,0,26097
5040,120960,0,26097
5041,120984,0,26097
5042,121008,0,26097
5043,121032,0,26097
5044,121056,0,26097
5045,121080,0,26097
5046,121104,0,26097
5047,121128,0,26097
5048,121152,0,26097
5049,121176,0,26097
5050,121200,0,26097
5051,121224,0,26097
5052,121248,0,26097
5053,121272,0,26097
5054,121296,0,26097
5055,121320,0,26097
5056,121344,0,26097
5057,121368,0,26097
5058,121392,0,26097
5059,121416,0,26097
5060,121440,0,26097
5061,121464,0,26097
5062,121488,0,26097
5063,121512,0,26097
5064,121536,0,26097
5065,121560,0,26097
5066,121584,0,26097
5067,121608,0,26097
5068,121632,0,26097
5069,121656,0,26097
5070,121680,0,26097
5071,121704,0,26097
5072,121728,0,26097
5073,121752,0,26097
5074,121776,0,26097
5075,121800,0,26097
5076,121824,0,26097
5077,121848,0,26097
5078,121872,0,26097
5079,121896,0,26097
5080,121920,0,26097
5081,121944,0,26097
5082,121968,0,26097
5083,121992,0,26097
5084,122016,0,26097
5085,122040,0,26097
5086,122064,0,26097
5087,122088,0,26097
5088,122112,0,26097
5089,122136,0,26097
5090,122160,0,26097
5091,122184,0,26097
5092,122208,0,26097
5093,122232,0,26097
5094,122256,0,26097
5095,122280,0,26097
5096,122304,0,26097
5097,122328,0,26097
5098,122352,0,26097
5099,122376,0,26097
5100,122400,0,26097
5101,122424,0,26097
5102,122448,0,26097
5103,122472,0,26097
5104,122496,0,26097
5105,122520,0,26097
5106,122544,0,26097
5107,122568,0,26097
5108,122592,0,26097
5109,122616,0,26097
5110,122640,0,26097
5111,122664,0,26097
5112,122688,0,26097
5113,122712,0,26097
5114,122736,0,26097
5115,122760,0,26097
5116,122784,0,26097
5117,122808,0,26097
5118,122832,0,26097
5119,122856,0,26097
5120,122880,0,26097
5121,122904,0,26097
5122,122928,0,26097
5123,122952,0,26097
5124,122976,0,26097
5125,123000,0,26097
5126,123024,0,26097
5127,123048,0,26097
5128,123072,0,26097
5129,123096,0,26097
5130,123120,0,26097
5131,123144,0,26097
5132,123168,0,26097
5133,123192,0,26097
5134,123216,0,26097
5135,123240,0,26097
5136,123264,0,26097
5137,123288,0,26097
5138,123312,0,26097
5139,123336,0,26097
5140,123360,0,26097
5141,123384,0,26097
5142,123408,0,26097
5143,123432,0,26097
5144,123456,0,26097
5145,123480,0,26097
5146,123504,0,26097
5147,123528,0,26097
5148,123552,0,26097
5149,123576,0,26097
5150,123600,0,26097
5151,123624,0,26097
5152,123648,0,26097
5153,123672,0,26097
5154,123696,0,26097
5155,123720,0,26097
5156,123744,0,26097
5157,123768,0,26097
5158,123792,0,26097
5159,123816,0,26097
5160,123840,0,26097
5161,123864,0,26097
5162,123888,0,26097
5163,123912,0,26097
5164,123936,0,26097
5165,123960,0,26097
5166,123984,0,26097
5167,124008,0,26097
5168,124032,0,26097
5169,124056,0,26097
5170,124080,0,26097
5171,124104,0,26097
5172,124128,0,26097
5173,124152,1,26097
5174,124176,0,26097
5175,124200,1,26097
5176,124224,0,26097
5177,124248,1,26097
5178,124272,0,26097
5179,124296,0,26097
5180,124320,0,26097
5181,124344,0,26097
5182,124368,0,26097
5183,124392,0,26097
5184,124416,0,26097
5185,124440,1,26097
5186,124464,0,26097
5187,124488,1,26097
5188,124512,1,26097
5189,124536,1,26097
5190,124560,0,26097
5191,124584,0,26097
5192,124608,0,26097
5193,124632,0,26097
5194,124656,0,26097
5195,124680,0,26097
5196,124704,0,26097
5197,124728,0,26097
5198,124752,0,26097
5199,124776,0,26097
5200,124800,0,26097
5201,124824,0,26097
5202,124848,0,26097
5203,124872,0,26097
5204,124896,0,26097
5205,124920,0,26097
5206,124944,0,26097
5207,124968,0,26097
5208,124992,0,26097
5209,125016,0,26097
5210,125040,0,26097
5211,125064,0,26097
5212,125088,0,26097
5213,125112,0,26097
5214,125136,0,26097
5215,125160,0,26097
5216,125184,0,26097
5217,125208,0,26097
5218,125232,0,26097
5219,125256,0,26097
5220,125280,0,26097
5221,125304,0,26097
5222,125328,0,26097
5223,125352,0,26097
5224,125376,0,26097
5225,125400,0,26097
5226,125424,0,26097
5227,125448,0,26097
5228,125472,0,26097
5229,125496,0,26097
5230,125520,0,26097
5231,125544,0,26097
5232,125568,0,26097
5233,125592,0,26097
5234,125616,0,26097
5235,125640,0,26097
5236,125664,0,26097
5237,125688,0,26097
5238,125712,0,26097
5239,125736,0,26097
5240,125760,0,26097
5241,125784,0,26097
5242,125808,0,26097
5243,125832,0,26097
5244,125856,0,26097
5245,125880,0,26097
5246,125904,0,26097
5247,125928,0,26097
5248,125952,0,26097
5249,125976,0,26097
5250,126000,0,26097
5251,126024,0,26097
5252,126048,0,26097
5253,126072,0,26097
5254,126096,0,26097
5255,126120,0,26097
5256,126144,0,26097
5257,126168,0,26097
5258,126192,0,26097
5259,126216,0,26097
5260,126240,0,26097
5261,126264,0,26097
5262,126288,0,26097
5263,126312,0,26097
5264,126336,0,26097
5265,126360,0,26097
5266,126384,0,26097
5267,126408,0,26097
5268,126432,0,26097
5269,126456,0,26097
5270,126480,0,26097
5271,126504,0,26097
5272,126528,0,26097
5273,126552,0,26097
5274,126576,0,26097
5275,126600,0,26097
5276,126624,0,26097
5277,126648,0,26097
5278,126672,0,26097
5279,126696,0,26097
5280,126720,0,26097
5281,126744,0,26097
5282,126768,0,26097
5283,126792,0,26097
5284,126816,0,26097
5285,126840,0,26097
5286,126864,0,26097
5287,126888,0,26097
5288,126912,0,26097
5289,126936,0,26097
5290,126960,0,26097
5291,126984,0,26097
5292,127008,0,26097
5293,127032,0,26097
5294,127056,0,26097
5295,127080,0,26097
5296,127104,0,26097
5297,127128,0,26097
5298,127152,0,26097
5299,127176,0,26097
5300,127200,0,26097
5301,127224,0,26097
5302,127248,0,26097
5303,127272,0,26097
5304,127296,0,26097
5305,127320,0,26097
5306,127344,0,26097
5307,127368,0,26097
5308,127392,0,26097
5309,127416,0,26097
5310,127440,0,26097
5311,127464,0,26097
5312,127488,0,26097
5313,127512,0,26097
5314,127536,0,26097
5315,127560,0,26097
5316,127584,0,26097
5317,127608,0,26097
5318,127632,0,26097
5319,127656,0,26097
5320,127680,0,26097
5321,127704,0,26097
5322,127728,0,26097
5323,127752,0,26097
5324,127776,0,26097
5325,127800,0,26097
5326,127824,0,26097
5327,127848,0,26097
5328,127872,0,26097
5329,127896,0,26097
5330,127920,0,26097
5331,127944,0,26097
5332,127968,1,26097
5333,127992,0,26097
5334,128016,0,26097
5335,128040,1,26097
5336,128064,0,26097
5337,128088,0,26097
5338,128112,0,26097
5339,128136,0,26097
5340,128160,0,26097
5341,128184,0,26097
5342,128208,0,26097
5343,128232,0,26097
5344,128256,0,26097
5345,128280,0,26097
5346,128304,0,26097
5347,128328,0,26097
5348,128352,0,26097
5349,128376,0,26097
5350,128400,0,26097
5351,128424,0,26097
5352,128448,0,26097
5353,128472,0,26097
5354,128496,0,26097
5355,128520,0,26097
5356,128544,0,26097
5357,128568,0,26097
5358,128592,0,26097
5359,128616,0,26097
5360,128640,0,26097
5361,128664,0,26097
5362,128688,0,26097
5363,128712,0,26097
5364,128736,0,26097
5365,128760,0,26097
5366,128784,0,26097
5367,128808,0,26097
5368,128832,0,26097
5369,128856,0,26097
5370,128880,0,26097
5371,128904,0,26097
5372,128928,0,26097
5373,128952,0,26097
5374,128976,0,26097
5375,129000,0,26097
5376,129024,0,26097
5377,129048,0,26097
5378,129072,0,26097
5379,129096,0,26097
5380,129120,0,26097
5381,129144,0,26097
5382,129168,0,26097
5383,129192,0,26097
5384,129216,0,26097
5385,129240,0,26097
5386,129264,0,26097
5387,129288,0,26097
5388,129312,0,26097
5389,129336,0,26097
5390,129360,0,26097
5391,129384,0,26097
5392,129408,0,26097
5393,129432,0,26097
5394,129456,0,26097
5395,129480,0,26097
5396,129504,0,26097
5397,129528,0,26097
5398,129552,0,26097
5399,129576,0,26097
5400,129600,0,26097
5401,129624,0,26097
5402,129648,0,26097
5403,129672,0,26097
5404,129696,0,26097
