,frame_num,car,imdb_id
0,0,0,53917
1,24,0,53917
2,48,0,53917
3,72,0,53917
4,96,0,53917
5,120,0,53917
6,144,0,53917
7,168,0,53917
8,192,0,53917
9,216,0,53917
10,240,0,53917
11,264,0,53917
12,288,0,53917
13,312,0,53917
14,336,0,53917
15,360,0,53917
16,384,0,53917
17,408,0,53917
18,432,0,53917
19,456,0,53917
20,480,0,53917
21,504,0,53917
22,528,0,53917
23,552,0,53917
24,576,0,53917
25,600,0,53917
26,624,0,53917
27,648,0,53917
28,672,0,53917
29,696,0,53917
30,720,0,53917
31,744,0,53917
32,768,0,53917
33,792,0,53917
34,816,0,53917
35,840,0,53917
36,864,0,53917
37,888,0,53917
38,912,0,53917
39,936,0,53917
40,960,0,53917
41,984,0,53917
42,1008,0,53917
43,1032,0,53917
44,1056,0,53917
45,1080,0,53917
46,1104,0,53917
47,1128,0,53917
48,1152,0,53917
49,1176,0,53917
50,1200,0,53917
51,1224,0,53917
52,1248,0,53917
53,1272,0,53917
54,1296,0,53917
55,1320,0,53917
56,1344,0,53917
57,1368,0,53917
58,1392,0,53917
59,1416,0,53917
60,1440,0,53917
61,1464,0,53917
62,1488,0,53917
63,1512,0,53917
64,1536,0,53917
65,1560,0,53917
66,1584,0,53917
67,1608,0,53917
68,1632,0,53917
69,1656,0,53917
70,1680,0,53917
71,1704,0,53917
72,1728,0,53917
73,1752,0,53917
74,1776,0,53917
75,1800,0,53917
76,1824,0,53917
77,1848,0,53917
78,1872,0,53917
79,1896,0,53917
80,1920,0,53917
81,1944,0,53917
82,1968,0,53917
83,1992,0,53917
84,2016,0,53917
85,2040,0,53917
86,2064,0,53917
87,2088,0,53917
88,2112,0,53917
89,2136,0,53917
90,2160,0,53917
91,2184,0,53917
92,2208,0,53917
93,2232,0,53917
94,2256,0,53917
95,2280,0,53917
96,2304,0,53917
97,2328,0,53917
98,2352,0,53917
99,2376,0,53917
100,2400,0,53917
101,2424,0,53917
102,2448,0,53917
103,2472,0,53917
104,2496,0,53917
105,2520,0,53917
106,2544,0,53917
107,2568,0,53917
108,2592,0,53917
109,2616,0,53917
110,2640,0,53917
111,2664,0,53917
112,2688,0,53917
113,2712,0,53917
114,2736,0,53917
115,2760,0,53917
116,2784,0,53917
117,2808,0,53917
118,2832,0,53917
119,2856,0,53917
120,2880,0,53917
121,2904,0,53917
122,2928,0,53917
123,2952,0,53917
124,2976,0,53917
125,3000,0,53917
126,3024,0,53917
127,3048,0,53917
128,3072,0,53917
129,3096,0,53917
130,3120,0,53917
131,3144,0,53917
132,3168,0,53917
133,3192,0,53917
134,3216,0,53917
135,3240,0,53917
136,3264,0,53917
137,3288,0,53917
138,3312,0,53917
139,3336,0,53917
140,3360,0,53917
141,3384,0,53917
142,3408,0,53917
143,3432,0,53917
144,3456,0,53917
145,3480,0,53917
146,3504,0,53917
147,3528,0,53917
148,3552,0,53917
149,3576,0,53917
150,3600,0,53917
151,3624,0,53917
152,3648,0,53917
153,3672,0,53917
154,3696,0,53917
155,3720,0,53917
156,3744,0,53917
157,3768,0,53917
158,3792,0,53917
159,3816,0,53917
160,3840,0,53917
161,3864,0,53917
162,3888,0,53917
163,3912,0,53917
164,3936,0,53917
165,3960,0,53917
166,3984,0,53917
167,4008,0,53917
168,4032,0,53917
169,4056,0,53917
170,4080,0,53917
171,4104,0,53917
172,4128,0,53917
173,4152,0,53917
174,4176,0,53917
175,4200,0,53917
176,4224,0,53917
177,4248,0,53917
178,4272,0,53917
179,4296,0,53917
180,4320,0,53917
181,4344,0,53917
182,4368,0,53917
183,4392,0,53917
184,4416,0,53917
185,4440,0,53917
186,4464,0,53917
187,4488,0,53917
188,4512,0,53917
189,4536,0,53917
190,4560,0,53917
191,4584,0,53917
192,4608,0,53917
193,4632,0,53917
194,4656,0,53917
195,4680,0,53917
196,4704,0,53917
197,4728,0,53917
198,4752,0,53917
199,4776,0,53917
200,4800,0,53917
201,4824,0,53917
202,4848,0,53917
203,4872,0,53917
204,4896,0,53917
205,4920,0,53917
206,4944,0,53917
207,4968,0,53917
208,4992,0,53917
209,5016,0,53917
210,5040,0,53917
211,5064,0,53917
212,5088,0,53917
213,5112,0,53917
214,5136,0,53917
215,5160,0,53917
216,5184,0,53917
217,5208,0,53917
218,5232,0,53917
219,5256,0,53917
220,5280,0,53917
221,5304,0,53917
222,5328,0,53917
223,5352,0,53917
224,5376,0,53917
225,5400,0,53917
226,5424,0,53917
227,5448,0,53917
228,5472,0,53917
229,5496,0,53917
230,5520,0,53917
231,5544,0,53917
232,5568,0,53917
233,5592,0,53917
234,5616,0,53917
235,5640,0,53917
236,5664,0,53917
237,5688,0,53917
238,5712,0,53917
239,5736,0,53917
240,5760,0,53917
241,5784,0,53917
242,5808,0,53917
243,5832,0,53917
244,5856,0,53917
245,5880,0,53917
246,5904,0,53917
247,5928,0,53917
248,5952,0,53917
249,5976,0,53917
250,6000,0,53917
251,6024,0,53917
252,6048,0,53917
253,6072,0,53917
254,6096,0,53917
255,6120,0,53917
256,6144,0,53917
257,6168,0,53917
258,6192,0,53917
259,6216,0,53917
260,6240,0,53917
261,6264,0,53917
262,6288,0,53917
263,6312,0,53917
264,6336,0,53917
265,6360,0,53917
266,6384,0,53917
267,6408,0,53917
268,6432,0,53917
269,6456,0,53917
270,6480,0,53917
271,6504,0,53917
272,6528,0,53917
273,6552,0,53917
274,6576,0,53917
275,6600,0,53917
276,6624,0,53917
277,6648,0,53917
278,6672,0,53917
279,6696,0,53917
280,6720,0,53917
281,6744,0,53917
282,6768,0,53917
283,6792,0,53917
284,6816,0,53917
285,6840,0,53917
286,6864,0,53917
287,6888,0,53917
288,6912,0,53917
289,6936,0,53917
290,6960,0,53917
291,6984,0,53917
292,7008,0,53917
293,7032,0,53917
294,7056,0,53917
295,7080,0,53917
296,7104,0,53917
297,7128,0,53917
298,7152,0,53917
299,7176,0,53917
300,7200,0,53917
301,7224,0,53917
302,7248,0,53917
303,7272,0,53917
304,7296,0,53917
305,7320,0,53917
306,7344,0,53917
307,7368,0,53917
308,7392,0,53917
309,7416,0,53917
310,7440,0,53917
311,7464,0,53917
312,7488,0,53917
313,7512,0,53917
314,7536,0,53917
315,7560,0,53917
316,7584,0,53917
317,7608,0,53917
318,7632,0,53917
319,7656,0,53917
320,7680,0,53917
321,7704,0,53917
322,7728,0,53917
323,7752,0,53917
324,7776,0,53917
325,7800,0,53917
326,7824,0,53917
327,7848,0,53917
328,7872,0,53917
329,7896,0,53917
330,7920,0,53917
331,7944,0,53917
332,7968,0,53917
333,7992,0,53917
334,8016,0,53917
335,8040,0,53917
336,8064,0,53917
337,8088,0,53917
338,8112,0,53917
339,8136,0,53917
340,8160,0,53917
341,8184,0,53917
342,8208,0,53917
343,8232,0,53917
344,8256,0,53917
345,8280,0,53917
346,8304,0,53917
347,8328,0,53917
348,8352,0,53917
349,8376,0,53917
350,8400,0,53917
351,8424,0,53917
352,8448,1,53917
353,8472,0,53917
354,8496,0,53917
355,8520,0,53917
356,8544,0,53917
357,8568,0,53917
358,8592,0,53917
359,8616,0,53917
360,8640,0,53917
361,8664,0,53917
362,8688,0,53917
363,8712,0,53917
364,8736,0,53917
365,8760,0,53917
366,8784,0,53917
367,8808,0,53917
368,8832,0,53917
369,8856,0,53917
370,8880,0,53917
371,8904,0,53917
372,8928,0,53917
373,8952,0,53917
374,8976,0,53917
375,9000,0,53917
376,9024,0,53917
377,9048,0,53917
378,9072,1,53917
379,9096,1,53917
380,9120,1,53917
381,9144,1,53917
382,9168,1,53917
383,9192,1,53917
384,9216,1,53917
385,9240,1,53917
386,9264,1,53917
387,9288,1,53917
388,9312,1,53917
389,9336,1,53917
390,9360,1,53917
391,9384,1,53917
392,9408,1,53917
393,9432,1,53917
394,9456,1,53917
395,9480,1,53917
396,9504,1,53917
397,9528,1,53917
398,9552,1,53917
399,9576,1,53917
400,9600,1,53917
401,9624,1,53917
402,9648,1,53917
403,9672,1,53917
404,9696,1,53917
405,9720,1,53917
406,9744,1,53917
407,9768,1,53917
408,9792,1,53917
409,9816,1,53917
410,9840,1,53917
411,9864,1,53917
412,9888,1,53917
413,9912,1,53917
414,9936,1,53917
415,9960,1,53917
416,9984,1,53917
417,10008,1,53917
418,10032,1,53917
419,10056,1,53917
420,10080,1,53917
421,10104,1,53917
422,10128,1,53917
423,10152,1,53917
424,10176,1,53917
425,10200,1,53917
426,10224,1,53917
427,10248,1,53917
428,10272,1,53917
429,10296,1,53917
430,10320,1,53917
431,10344,1,53917
432,10368,1,53917
433,10392,1,53917
434,10416,1,53917
435,10440,1,53917
436,10464,1,53917
437,10488,1,53917
438,10512,1,53917
439,10536,1,53917
440,10560,1,53917
441,10584,1,53917
442,10608,1,53917
443,10632,1,53917
444,10656,1,53917
445,10680,1,53917
446,10704,1,53917
447,10728,1,53917
448,10752,1,53917
449,10776,1,53917
450,10800,1,53917
451,10824,1,53917
452,10848,1,53917
453,10872,1,53917
454,10896,1,53917
455,10920,1,53917
456,10944,1,53917
457,10968,1,53917
458,10992,1,53917
459,11016,1,53917
460,11040,1,53917
461,11064,1,53917
462,11088,1,53917
463,11112,1,53917
464,11136,1,53917
465,11160,1,53917
466,11184,1,53917
467,11208,1,53917
468,11232,1,53917
469,11256,1,53917
470,11280,1,53917
471,11304,1,53917
472,11328,1,53917
473,11352,1,53917
474,11376,1,53917
475,11400,1,53917
476,11424,1,53917
477,11448,1,53917
478,11472,1,53917
479,11496,1,53917
480,11520,1,53917
481,11544,1,53917
482,11568,1,53917
483,11592,1,53917
484,11616,1,53917
485,11640,1,53917
486,11664,1,53917
487,11688,1,53917
488,11712,1,53917
489,11736,1,53917
490,11760,1,53917
491,11784,1,53917
492,11808,1,53917
493,11832,1,53917
494,11856,1,53917
495,11880,1,53917
496,11904,1,53917
497,11928,1,53917
498,11952,1,53917
499,11976,1,53917
500,12000,1,53917
501,12024,1,53917
502,12048,1,53917
503,12072,1,53917
504,12096,1,53917
505,12120,1,53917
506,12144,1,53917
507,12168,0,53917
508,12192,0,53917
509,12216,0,53917
510,12240,0,53917
511,12264,0,53917
512,12288,0,53917
513,12312,0,53917
514,12336,0,53917
515,12360,0,53917
516,12384,0,53917
517,12408,0,53917
518,12432,0,53917
519,12456,0,53917
520,12480,0,53917
521,12504,0,53917
522,12528,0,53917
523,12552,0,53917
524,12576,0,53917
525,12600,0,53917
526,12624,0,53917
527,12648,0,53917
528,12672,0,53917
529,12696,0,53917
530,12720,0,53917
531,12744,0,53917
532,12768,0,53917
533,12792,0,53917
534,12816,0,53917
535,12840,0,53917
536,12864,0,53917
537,12888,0,53917
538,12912,0,53917
539,12936,0,53917
540,12960,0,53917
541,12984,0,53917
542,13008,0,53917
543,13032,0,53917
544,13056,0,53917
545,13080,0,53917
546,13104,0,53917
547,13128,0,53917
548,13152,0,53917
549,13176,0,53917
550,13200,0,53917
551,13224,0,53917
552,13248,0,53917
553,13272,0,53917
554,13296,0,53917
555,13320,0,53917
556,13344,0,53917
557,13368,0,53917
558,13392,0,53917
559,13416,0,53917
560,13440,0,53917
561,13464,0,53917
562,13488,0,53917
563,13512,0,53917
564,13536,0,53917
565,13560,0,53917
566,13584,0,53917
567,13608,0,53917
568,13632,0,53917
569,13656,0,53917
570,13680,0,53917
571,13704,0,53917
572,13728,0,53917
573,13752,0,53917
574,13776,0,53917
575,13800,0,53917
576,13824,0,53917
577,13848,0,53917
578,13872,0,53917
579,13896,0,53917
580,13920,0,53917
581,13944,0,53917
582,13968,0,53917
583,13992,0,53917
584,14016,0,53917
585,14040,0,53917
586,14064,0,53917
587,14088,0,53917
588,14112,0,53917
589,14136,0,53917
590,14160,0,53917
591,14184,0,53917
592,14208,0,53917
593,14232,0,53917
594,14256,0,53917
595,14280,0,53917
596,14304,0,53917
597,14328,0,53917
598,14352,0,53917
599,14376,0,53917
600,14400,0,53917
601,14424,0,53917
602,14448,0,53917
603,14472,0,53917
604,14496,0,53917
605,14520,0,53917
606,14544,0,53917
607,14568,0,53917
608,14592,0,53917
609,14616,0,53917
610,14640,0,53917
611,14664,0,53917
612,14688,0,53917
613,14712,0,53917
614,14736,0,53917
615,14760,0,53917
616,14784,0,53917
617,14808,0,53917
618,14832,0,53917
619,14856,0,53917
620,14880,0,53917
621,14904,0,53917
622,14928,0,53917
623,14952,0,53917
624,14976,0,53917
625,15000,0,53917
626,15024,0,53917
627,15048,0,53917
628,15072,0,53917
629,15096,0,53917
630,15120,0,53917
631,15144,0,53917
632,15168,0,53917
633,15192,0,53917
634,15216,0,53917
635,15240,0,53917
636,15264,0,53917
637,15288,0,53917
638,15312,0,53917
639,15336,0,53917
640,15360,0,53917
641,15384,0,53917
642,15408,0,53917
643,15432,0,53917
644,15456,0,53917
645,15480,0,53917
646,15504,0,53917
647,15528,0,53917
648,15552,0,53917
649,15576,0,53917
650,15600,0,53917
651,15624,0,53917
652,15648,0,53917
653,15672,0,53917
654,15696,0,53917
655,15720,0,53917
656,15744,0,53917
657,15768,0,53917
658,15792,0,53917
659,15816,0,53917
660,15840,0,53917
661,15864,0,53917
662,15888,0,53917
663,15912,0,53917
664,15936,0,53917
665,15960,0,53917
666,15984,0,53917
667,16008,0,53917
668,16032,0,53917
669,16056,0,53917
670,16080,0,53917
671,16104,0,53917
672,16128,0,53917
673,16152,0,53917
674,16176,0,53917
675,16200,0,53917
676,16224,0,53917
677,16248,0,53917
678,16272,0,53917
679,16296,0,53917
680,16320,0,53917
681,16344,0,53917
682,16368,0,53917
683,16392,0,53917
684,16416,0,53917
685,16440,0,53917
686,16464,0,53917
687,16488,0,53917
688,16512,0,53917
689,16536,0,53917
690,16560,0,53917
691,16584,0,53917
692,16608,0,53917
693,16632,0,53917
694,16656,0,53917
695,16680,0,53917
696,16704,0,53917
697,16728,0,53917
698,16752,0,53917
699,16776,1,53917
700,16800,1,53917
701,16824,1,53917
702,16848,1,53917
703,16872,1,53917
704,16896,1,53917
705,16920,1,53917
706,16944,1,53917
707,16968,1,53917
708,16992,1,53917
709,17016,1,53917
710,17040,1,53917
711,17064,1,53917
712,17088,0,53917
713,17112,0,53917
714,17136,0,53917
715,17160,0,53917
716,17184,0,53917
717,17208,0,53917
718,17232,0,53917
719,17256,0,53917
720,17280,0,53917
721,17304,0,53917
722,17328,0,53917
723,17352,0,53917
724,17376,0,53917
725,17400,0,53917
726,17424,0,53917
727,17448,0,53917
728,17472,0,53917
729,17496,0,53917
730,17520,0,53917
731,17544,0,53917
732,17568,0,53917
733,17592,0,53917
734,17616,0,53917
735,17640,0,53917
736,17664,0,53917
737,17688,0,53917
738,17712,0,53917
739,17736,0,53917
740,17760,0,53917
741,17784,0,53917
742,17808,0,53917
743,17832,0,53917
744,17856,0,53917
745,17880,0,53917
746,17904,0,53917
747,17928,0,53917
748,17952,0,53917
749,17976,0,53917
750,18000,0,53917
751,18024,0,53917
752,18048,0,53917
753,18072,0,53917
754,18096,0,53917
755,18120,0,53917
756,18144,0,53917
757,18168,0,53917
758,18192,0,53917
759,18216,0,53917
760,18240,0,53917
761,18264,0,53917
762,18288,0,53917
763,18312,0,53917
764,18336,0,53917
765,18360,0,53917
766,18384,0,53917
767,18408,0,53917
768,18432,0,53917
769,18456,0,53917
770,18480,0,53917
771,18504,0,53917
772,18528,0,53917
773,18552,0,53917
774,18576,0,53917
775,18600,0,53917
776,18624,0,53917
777,18648,0,53917
778,18672,0,53917
779,18696,0,53917
780,18720,0,53917
781,18744,0,53917
782,18768,0,53917
783,18792,0,53917
784,18816,0,53917
785,18840,0,53917
786,18864,0,53917
787,18888,0,53917
788,18912,0,53917
789,18936,0,53917
790,18960,0,53917
791,18984,0,53917
792,19008,1,53917
793,19032,0,53917
794,19056,0,53917
795,19080,1,53917
796,19104,0,53917
797,19128,0,53917
798,19152,0,53917
799,19176,0,53917
800,19200,0,53917
801,19224,0,53917
802,19248,0,53917
803,19272,0,53917
804,19296,0,53917
805,19320,0,53917
806,19344,0,53917
807,19368,0,53917
808,19392,0,53917
809,19416,0,53917
810,19440,0,53917
811,19464,0,53917
812,19488,0,53917
813,19512,0,53917
814,19536,0,53917
815,19560,0,53917
816,19584,0,53917
817,19608,0,53917
818,19632,0,53917
819,19656,0,53917
820,19680,0,53917
821,19704,0,53917
822,19728,0,53917
823,19752,0,53917
824,19776,0,53917
825,19800,0,53917
826,19824,0,53917
827,19848,0,53917
828,19872,0,53917
829,19896,0,53917
830,19920,0,53917
831,19944,0,53917
832,19968,0,53917
833,19992,0,53917
834,20016,0,53917
835,20040,0,53917
836,20064,0,53917
837,20088,0,53917
838,20112,0,53917
839,20136,0,53917
840,20160,0,53917
841,20184,0,53917
842,20208,0,53917
843,20232,0,53917
844,20256,1,53917
845,20280,1,53917
846,20304,1,53917
847,20328,1,53917
848,20352,1,53917
849,20376,1,53917
850,20400,1,53917
851,20424,0,53917
852,20448,1,53917
853,20472,1,53917
854,20496,1,53917
855,20520,1,53917
856,20544,1,53917
857,20568,1,53917
858,20592,1,53917
859,20616,1,53917
860,20640,0,53917
861,20664,0,53917
862,20688,0,53917
863,20712,0,53917
864,20736,0,53917
865,20760,0,53917
866,20784,1,53917
867,20808,1,53917
868,20832,0,53917
869,20856,0,53917
870,20880,0,53917
871,20904,0,53917
872,20928,0,53917
873,20952,0,53917
874,20976,0,53917
875,21000,0,53917
876,21024,0,53917
877,21048,0,53917
878,21072,0,53917
879,21096,0,53917
880,21120,0,53917
881,21144,0,53917
882,21168,0,53917
883,21192,0,53917
884,21216,0,53917
885,21240,0,53917
886,21264,0,53917
887,21288,0,53917
888,21312,0,53917
889,21336,0,53917
890,21360,0,53917
891,21384,0,53917
892,21408,0,53917
893,21432,0,53917
894,21456,0,53917
895,21480,0,53917
896,21504,0,53917
897,21528,0,53917
898,21552,0,53917
899,21576,0,53917
900,21600,0,53917
901,21624,0,53917
902,21648,0,53917
903,21672,0,53917
904,21696,0,53917
905,21720,0,53917
906,21744,0,53917
907,21768,0,53917
908,21792,0,53917
909,21816,0,53917
910,21840,0,53917
911,21864,0,53917
912,21888,0,53917
913,21912,0,53917
914,21936,0,53917
915,21960,0,53917
916,21984,0,53917
917,22008,0,53917
918,22032,0,53917
919,22056,0,53917
920,22080,0,53917
921,22104,0,53917
922,22128,0,53917
923,22152,0,53917
924,22176,0,53917
925,22200,0,53917
926,22224,0,53917
927,22248,0,53917
928,22272,0,53917
929,22296,0,53917
930,22320,0,53917
931,22344,0,53917
932,22368,0,53917
933,22392,0,53917
934,22416,0,53917
935,22440,0,53917
936,22464,0,53917
937,22488,0,53917
938,22512,0,53917
939,22536,0,53917
940,22560,0,53917
941,22584,0,53917
942,22608,0,53917
943,22632,0,53917
944,22656,0,53917
945,22680,0,53917
946,22704,0,53917
947,22728,0,53917
948,22752,0,53917
949,22776,0,53917
950,22800,0,53917
951,22824,1,53917
952,22848,1,53917
953,22872,1,53917
954,22896,1,53917
955,22920,1,53917
956,22944,1,53917
957,22968,1,53917
958,22992,1,53917
959,23016,1,53917
960,23040,1,53917
961,23064,1,53917
962,23088,1,53917
963,23112,1,53917
964,23136,1,53917
965,23160,1,53917
966,23184,1,53917
967,23208,1,53917
968,23232,0,53917
969,23256,0,53917
970,23280,0,53917
971,23304,0,53917
972,23328,0,53917
973,23352,0,53917
974,23376,0,53917
975,23400,0,53917
976,23424,0,53917
977,23448,0,53917
978,23472,0,53917
979,23496,0,53917
980,23520,0,53917
981,23544,0,53917
982,23568,0,53917
983,23592,0,53917
984,23616,0,53917
985,23640,0,53917
986,23664,0,53917
987,23688,0,53917
988,23712,0,53917
989,23736,0,53917
990,23760,0,53917
991,23784,0,53917
992,23808,0,53917
993,23832,0,53917
994,23856,0,53917
995,23880,1,53917
996,23904,0,53917
997,23928,1,53917
998,23952,1,53917
999,23976,1,53917
1000,24000,1,53917
1001,24024,1,53917
1002,24048,1,53917
1003,24072,1,53917
1004,24096,1,53917
1005,24120,0,53917
1006,24144,0,53917
1007,24168,0,53917
1008,24192,0,53917
1009,24216,0,53917
1010,24240,0,53917
1011,24264,0,53917
1012,24288,0,53917
1013,24312,0,53917
1014,24336,0,53917
1015,24360,1,53917
1016,24384,1,53917
1017,24408,1,53917
1018,24432,1,53917
1019,24456,1,53917
1020,24480,1,53917
1021,24504,1,53917
1022,24528,1,53917
1023,24552,0,53917
1024,24576,1,53917
1025,24600,0,53917
1026,24624,1,53917
1027,24648,0,53917
1028,24672,0,53917
1029,24696,0,53917
1030,24720,1,53917
1031,24744,1,53917
1032,24768,1,53917
1033,24792,0,53917
1034,24816,0,53917
1035,24840,1,53917
1036,24864,0,53917
1037,24888,0,53917
1038,24912,0,53917
1039,24936,0,53917
1040,24960,0,53917
1041,24984,0,53917
1042,25008,0,53917
1043,25032,0,53917
1044,25056,0,53917
1045,25080,1,53917
1046,25104,1,53917
1047,25128,0,53917
1048,25152,0,53917
1049,25176,0,53917
1050,25200,0,53917
1051,25224,0,53917
1052,25248,0,53917
1053,25272,0,53917
1054,25296,0,53917
1055,25320,0,53917
1056,25344,0,53917
1057,25368,0,53917
1058,25392,0,53917
1059,25416,0,53917
1060,25440,0,53917
1061,25464,0,53917
1062,25488,0,53917
1063,25512,0,53917
1064,25536,0,53917
1065,25560,0,53917
1066,25584,0,53917
1067,25608,0,53917
1068,25632,0,53917
1069,25656,0,53917
1070,25680,0,53917
1071,25704,0,53917
1072,25728,0,53917
1073,25752,0,53917
1074,25776,0,53917
1075,25800,0,53917
1076,25824,0,53917
1077,25848,0,53917
1078,25872,0,53917
1079,25896,0,53917
1080,25920,0,53917
1081,25944,0,53917
1082,25968,0,53917
1083,25992,0,53917
1084,26016,0,53917
1085,26040,0,53917
1086,26064,0,53917
1087,26088,0,53917
1088,26112,0,53917
1089,26136,0,53917
1090,26160,0,53917
1091,26184,0,53917
1092,26208,0,53917
1093,26232,0,53917
1094,26256,0,53917
1095,26280,1,53917
1096,26304,0,53917
1097,26328,0,53917
1098,26352,0,53917
1099,26376,0,53917
1100,26400,0,53917
1101,26424,0,53917
1102,26448,0,53917
1103,26472,0,53917
1104,26496,0,53917
1105,26520,0,53917
1106,26544,0,53917
1107,26568,0,53917
1108,26592,0,53917
1109,26616,0,53917
1110,26640,0,53917
1111,26664,0,53917
1112,26688,0,53917
1113,26712,0,53917
1114,26736,0,53917
1115,26760,0,53917
1116,26784,0,53917
1117,26808,0,53917
1118,26832,0,53917
1119,26856,0,53917
1120,26880,0,53917
1121,26904,0,53917
1122,26928,0,53917
1123,26952,0,53917
1124,26976,0,53917
1125,27000,0,53917
1126,27024,0,53917
1127,27048,0,53917
1128,27072,0,53917
1129,27096,0,53917
1130,27120,0,53917
1131,27144,0,53917
1132,27168,0,53917
1133,27192,0,53917
1134,27216,0,53917
1135,27240,0,53917
1136,27264,0,53917
1137,27288,0,53917
1138,27312,0,53917
1139,27336,0,53917
1140,27360,0,53917
1141,27384,0,53917
1142,27408,0,53917
1143,27432,0,53917
1144,27456,0,53917
1145,27480,0,53917
1146,27504,0,53917
1147,27528,0,53917
1148,27552,0,53917
1149,27576,0,53917
1150,27600,0,53917
1151,27624,0,53917
1152,27648,0,53917
1153,27672,0,53917
1154,27696,0,53917
1155,27720,0,53917
1156,27744,0,53917
1157,27768,0,53917
1158,27792,0,53917
1159,27816,0,53917
1160,27840,0,53917
1161,27864,0,53917
1162,27888,0,53917
1163,27912,0,53917
1164,27936,0,53917
1165,27960,0,53917
1166,27984,0,53917
1167,28008,0,53917
1168,28032,0,53917
1169,28056,0,53917
1170,28080,0,53917
1171,28104,0,53917
1172,28128,0,53917
1173,28152,0,53917
1174,28176,0,53917
1175,28200,0,53917
1176,28224,0,53917
1177,28248,0,53917
1178,28272,0,53917
1179,28296,0,53917
1180,28320,0,53917
1181,28344,0,53917
1182,28368,0,53917
1183,28392,0,53917
1184,28416,0,53917
1185,28440,0,53917
1186,28464,0,53917
1187,28488,0,53917
1188,28512,0,53917
1189,28536,0,53917
1190,28560,0,53917
1191,28584,0,53917
1192,28608,0,53917
1193,28632,0,53917
1194,28656,0,53917
1195,28680,0,53917
1196,28704,0,53917
1197,28728,0,53917
1198,28752,0,53917
1199,28776,0,53917
1200,28800,0,53917
1201,28824,0,53917
1202,28848,0,53917
1203,28872,0,53917
1204,28896,0,53917
1205,28920,0,53917
1206,28944,0,53917
1207,28968,0,53917
1208,28992,0,53917
1209,29016,0,53917
1210,29040,0,53917
1211,29064,0,53917
1212,29088,0,53917
1213,29112,0,53917
1214,29136,0,53917
1215,29160,0,53917
1216,29184,0,53917
1217,29208,0,53917
1218,29232,0,53917
1219,29256,0,53917
1220,29280,0,53917
1221,29304,0,53917
1222,29328,0,53917
1223,29352,1,53917
1224,29376,0,53917
1225,29400,0,53917
1226,29424,0,53917
1227,29448,0,53917
1228,29472,0,53917
1229,29496,0,53917
1230,29520,0,53917
1231,29544,0,53917
1232,29568,0,53917
1233,29592,0,53917
1234,29616,0,53917
1235,29640,0,53917
1236,29664,0,53917
1237,29688,0,53917
1238,29712,0,53917
1239,29736,0,53917
1240,29760,0,53917
1241,29784,0,53917
1242,29808,0,53917
1243,29832,1,53917
1244,29856,0,53917
1245,29880,1,53917
1246,29904,0,53917
1247,29928,1,53917
1248,29952,1,53917
1249,29976,1,53917
1250,30000,1,53917
1251,30024,1,53917
1252,30048,1,53917
1253,30072,1,53917
1254,30096,1,53917
1255,30120,1,53917
1256,30144,1,53917
1257,30168,0,53917
1258,30192,0,53917
1259,30216,0,53917
1260,30240,0,53917
1261,30264,0,53917
1262,30288,0,53917
1263,30312,1,53917
1264,30336,0,53917
1265,30360,0,53917
1266,30384,0,53917
1267,30408,0,53917
1268,30432,0,53917
1269,30456,0,53917
1270,30480,0,53917
1271,30504,0,53917
1272,30528,0,53917
1273,30552,0,53917
1274,30576,0,53917
1275,30600,0,53917
1276,30624,0,53917
1277,30648,0,53917
1278,30672,0,53917
1279,30696,0,53917
1280,30720,0,53917
1281,30744,0,53917
1282,30768,0,53917
1283,30792,0,53917
1284,30816,1,53917
1285,30840,1,53917
1286,30864,1,53917
1287,30888,0,53917
1288,30912,0,53917
1289,30936,0,53917
1290,30960,0,53917
1291,30984,0,53917
1292,31008,0,53917
1293,31032,0,53917
1294,31056,0,53917
1295,31080,0,53917
1296,31104,0,53917
1297,31128,0,53917
1298,31152,0,53917
1299,31176,0,53917
1300,31200,0,53917
1301,31224,0,53917
1302,31248,0,53917
1303,31272,0,53917
1304,31296,0,53917
1305,31320,0,53917
1306,31344,0,53917
1307,31368,0,53917
1308,31392,0,53917
1309,31416,0,53917
1310,31440,0,53917
1311,31464,0,53917
1312,31488,0,53917
1313,31512,0,53917
1314,31536,0,53917
1315,31560,0,53917
1316,31584,0,53917
1317,31608,0,53917
1318,31632,1,53917
1319,31656,0,53917
1320,31680,0,53917
1321,31704,0,53917
1322,31728,0,53917
1323,31752,0,53917
1324,31776,0,53917
1325,31800,0,53917
1326,31824,0,53917
1327,31848,0,53917
1328,31872,0,53917
1329,31896,0,53917
1330,31920,0,53917
1331,31944,0,53917
1332,31968,0,53917
1333,31992,0,53917
1334,32016,0,53917
1335,32040,0,53917
1336,32064,0,53917
1337,32088,0,53917
1338,32112,0,53917
1339,32136,0,53917
1340,32160,0,53917
1341,32184,0,53917
1342,32208,0,53917
1343,32232,0,53917
1344,32256,0,53917
1345,32280,0,53917
1346,32304,0,53917
1347,32328,0,53917
1348,32352,0,53917
1349,32376,0,53917
1350,32400,0,53917
1351,32424,0,53917
1352,32448,0,53917
1353,32472,0,53917
1354,32496,0,53917
1355,32520,0,53917
1356,32544,0,53917
1357,32568,0,53917
1358,32592,0,53917
1359,32616,0,53917
1360,32640,0,53917
1361,32664,0,53917
1362,32688,0,53917
1363,32712,0,53917
1364,32736,0,53917
1365,32760,0,53917
1366,32784,0,53917
1367,32808,0,53917
1368,32832,0,53917
1369,32856,0,53917
1370,32880,0,53917
1371,32904,0,53917
1372,32928,0,53917
1373,32952,0,53917
1374,32976,0,53917
1375,33000,0,53917
1376,33024,0,53917
1377,33048,0,53917
1378,33072,0,53917
1379,33096,0,53917
1380,33120,0,53917
1381,33144,0,53917
1382,33168,0,53917
1383,33192,0,53917
1384,33216,0,53917
1385,33240,0,53917
1386,33264,0,53917
1387,33288,0,53917
1388,33312,0,53917
1389,33336,0,53917
1390,33360,0,53917
1391,33384,0,53917
1392,33408,0,53917
1393,33432,0,53917
1394,33456,0,53917
1395,33480,0,53917
1396,33504,0,53917
1397,33528,0,53917
1398,33552,0,53917
1399,33576,0,53917
1400,33600,0,53917
1401,33624,0,53917
1402,33648,0,53917
1403,33672,0,53917
1404,33696,0,53917
1405,33720,0,53917
1406,33744,0,53917
1407,33768,0,53917
1408,33792,0,53917
1409,33816,0,53917
1410,33840,0,53917
1411,33864,0,53917
1412,33888,0,53917
1413,33912,0,53917
1414,33936,0,53917
1415,33960,0,53917
1416,33984,0,53917
1417,34008,0,53917
1418,34032,0,53917
1419,34056,0,53917
1420,34080,0,53917
1421,34104,0,53917
1422,34128,0,53917
1423,34152,0,53917
1424,34176,0,53917
1425,34200,0,53917
1426,34224,0,53917
1427,34248,0,53917
1428,34272,0,53917
1429,34296,0,53917
1430,34320,0,53917
1431,34344,1,53917
1432,34368,1,53917
1433,34392,1,53917
1434,34416,0,53917
1435,34440,0,53917
1436,34464,0,53917
1437,34488,0,53917
1438,34512,0,53917
1439,34536,0,53917
1440,34560,0,53917
1441,34584,0,53917
1442,34608,0,53917
1443,34632,0,53917
1444,34656,0,53917
1445,34680,0,53917
1446,34704,0,53917
1447,34728,0,53917
1448,34752,0,53917
1449,34776,0,53917
1450,34800,0,53917
1451,34824,0,53917
1452,34848,0,53917
1453,34872,0,53917
1454,34896,0,53917
1455,34920,0,53917
1456,34944,0,53917
1457,34968,0,53917
1458,34992,0,53917
1459,35016,0,53917
1460,35040,0,53917
1461,35064,0,53917
1462,35088,0,53917
1463,35112,0,53917
1464,35136,0,53917
1465,35160,0,53917
1466,35184,0,53917
1467,35208,0,53917
1468,35232,0,53917
1469,35256,0,53917
1470,35280,0,53917
1471,35304,0,53917
1472,35328,0,53917
1473,35352,0,53917
1474,35376,0,53917
1475,35400,0,53917
1476,35424,0,53917
1477,35448,0,53917
1478,35472,0,53917
1479,35496,0,53917
1480,35520,0,53917
1481,35544,0,53917
1482,35568,0,53917
1483,35592,0,53917
1484,35616,0,53917
1485,35640,0,53917
1486,35664,0,53917
1487,35688,0,53917
1488,35712,0,53917
1489,35736,0,53917
1490,35760,0,53917
1491,35784,0,53917
1492,35808,0,53917
1493,35832,0,53917
1494,35856,1,53917
1495,35880,1,53917
1496,35904,1,53917
1497,35928,0,53917
1498,35952,0,53917
1499,35976,1,53917
1500,36000,0,53917
1501,36024,0,53917
1502,36048,0,53917
1503,36072,0,53917
1504,36096,0,53917
1505,36120,0,53917
1506,36144,0,53917
1507,36168,0,53917
1508,36192,0,53917
1509,36216,0,53917
1510,36240,0,53917
1511,36264,0,53917
1512,36288,0,53917
1513,36312,0,53917
1514,36336,0,53917
1515,36360,0,53917
1516,36384,0,53917
1517,36408,0,53917
1518,36432,0,53917
1519,36456,0,53917
1520,36480,0,53917
1521,36504,0,53917
1522,36528,0,53917
1523,36552,0,53917
1524,36576,0,53917
1525,36600,0,53917
1526,36624,0,53917
1527,36648,0,53917
1528,36672,0,53917
1529,36696,0,53917
1530,36720,0,53917
1531,36744,0,53917
1532,36768,0,53917
1533,36792,0,53917
1534,36816,0,53917
1535,36840,0,53917
1536,36864,0,53917
1537,36888,0,53917
1538,36912,0,53917
1539,36936,0,53917
1540,36960,0,53917
1541,36984,0,53917
1542,37008,0,53917
1543,37032,0,53917
1544,37056,0,53917
1545,37080,0,53917
1546,37104,0,53917
1547,37128,0,53917
1548,37152,0,53917
1549,37176,0,53917
1550,37200,0,53917
1551,37224,0,53917
1552,37248,0,53917
1553,37272,0,53917
1554,37296,0,53917
1555,37320,0,53917
1556,37344,0,53917
1557,37368,0,53917
1558,37392,0,53917
1559,37416,0,53917
1560,37440,0,53917
1561,37464,0,53917
1562,37488,0,53917
1563,37512,0,53917
1564,37536,0,53917
1565,37560,0,53917
1566,37584,0,53917
1567,37608,0,53917
1568,37632,0,53917
1569,37656,1,53917
1570,37680,0,53917
1571,37704,0,53917
1572,37728,0,53917
1573,37752,0,53917
1574,37776,0,53917
1575,37800,0,53917
1576,37824,0,53917
1577,37848,0,53917
1578,37872,0,53917
1579,37896,0,53917
1580,37920,0,53917
1581,37944,0,53917
1582,37968,0,53917
1583,37992,0,53917
1584,38016,0,53917
1585,38040,0,53917
1586,38064,0,53917
1587,38088,0,53917
1588,38112,0,53917
1589,38136,0,53917
1590,38160,0,53917
1591,38184,0,53917
1592,38208,0,53917
1593,38232,0,53917
1594,38256,0,53917
1595,38280,0,53917
1596,38304,0,53917
1597,38328,0,53917
1598,38352,0,53917
1599,38376,0,53917
1600,38400,0,53917
1601,38424,0,53917
1602,38448,0,53917
1603,38472,0,53917
1604,38496,0,53917
1605,38520,0,53917
1606,38544,0,53917
1607,38568,0,53917
1608,38592,0,53917
1609,38616,0,53917
1610,38640,0,53917
1611,38664,0,53917
1612,38688,0,53917
1613,38712,0,53917
1614,38736,0,53917
1615,38760,0,53917
1616,38784,0,53917
1617,38808,0,53917
1618,38832,0,53917
1619,38856,0,53917
1620,38880,0,53917
1621,38904,0,53917
1622,38928,0,53917
1623,38952,0,53917
1624,38976,0,53917
1625,39000,0,53917
1626,39024,0,53917
1627,39048,0,53917
1628,39072,0,53917
1629,39096,0,53917
1630,39120,0,53917
1631,39144,0,53917
1632,39168,0,53917
1633,39192,0,53917
1634,39216,0,53917
1635,39240,0,53917
1636,39264,0,53917
1637,39288,1,53917
1638,39312,0,53917
1639,39336,0,53917
1640,39360,0,53917
1641,39384,0,53917
1642,39408,0,53917
1643,39432,0,53917
1644,39456,0,53917
1645,39480,0,53917
1646,39504,0,53917
1647,39528,0,53917
1648,39552,0,53917
1649,39576,0,53917
1650,39600,0,53917
1651,39624,0,53917
1652,39648,0,53917
1653,39672,0,53917
1654,39696,0,53917
1655,39720,0,53917
1656,39744,0,53917
1657,39768,0,53917
1658,39792,0,53917
1659,39816,0,53917
1660,39840,0,53917
1661,39864,0,53917
1662,39888,1,53917
1663,39912,1,53917
1664,39936,1,53917
1665,39960,1,53917
1666,39984,0,53917
1667,40008,0,53917
1668,40032,0,53917
1669,40056,0,53917
1670,40080,1,53917
1671,40104,0,53917
1672,40128,0,53917
1673,40152,0,53917
1674,40176,0,53917
1675,40200,0,53917
1676,40224,0,53917
1677,40248,0,53917
1678,40272,0,53917
1679,40296,0,53917
1680,40320,0,53917
1681,40344,0,53917
1682,40368,0,53917
1683,40392,0,53917
1684,40416,0,53917
1685,40440,0,53917
1686,40464,0,53917
1687,40488,0,53917
1688,40512,0,53917
1689,40536,1,53917
1690,40560,0,53917
1691,40584,1,53917
1692,40608,1,53917
1693,40632,0,53917
1694,40656,0,53917
1695,40680,0,53917
1696,40704,0,53917
1697,40728,0,53917
1698,40752,0,53917
1699,40776,0,53917
1700,40800,0,53917
1701,40824,1,53917
1702,40848,0,53917
1703,40872,0,53917
1704,40896,0,53917
1705,40920,0,53917
1706,40944,0,53917
1707,40968,0,53917
1708,40992,0,53917
1709,41016,0,53917
1710,41040,0,53917
1711,41064,0,53917
1712,41088,0,53917
1713,41112,0,53917
1714,41136,0,53917
1715,41160,0,53917
1716,41184,0,53917
1717,41208,0,53917
1718,41232,0,53917
1719,41256,0,53917
1720,41280,0,53917
1721,41304,0,53917
1722,41328,0,53917
1723,41352,0,53917
1724,41376,0,53917
1725,41400,0,53917
1726,41424,0,53917
1727,41448,0,53917
1728,41472,0,53917
1729,41496,0,53917
1730,41520,0,53917
1731,41544,0,53917
1732,41568,0,53917
1733,41592,0,53917
1734,41616,0,53917
1735,41640,0,53917
1736,41664,0,53917
1737,41688,0,53917
1738,41712,0,53917
1739,41736,0,53917
1740,41760,0,53917
1741,41784,0,53917
1742,41808,0,53917
1743,41832,0,53917
1744,41856,0,53917
1745,41880,0,53917
1746,41904,0,53917
1747,41928,0,53917
1748,41952,0,53917
1749,41976,0,53917
1750,42000,0,53917
1751,42024,0,53917
1752,42048,0,53917
1753,42072,0,53917
1754,42096,0,53917
1755,42120,0,53917
1756,42144,0,53917
1757,42168,0,53917
1758,42192,0,53917
1759,42216,0,53917
1760,42240,0,53917
1761,42264,0,53917
1762,42288,0,53917
1763,42312,0,53917
1764,42336,0,53917
1765,42360,0,53917
1766,42384,0,53917
1767,42408,0,53917
1768,42432,0,53917
1769,42456,0,53917
1770,42480,0,53917
1771,42504,0,53917
1772,42528,0,53917
1773,42552,0,53917
1774,42576,0,53917
1775,42600,0,53917
1776,42624,0,53917
1777,42648,0,53917
1778,42672,0,53917
1779,42696,0,53917
1780,42720,0,53917
1781,42744,0,53917
1782,42768,0,53917
1783,42792,0,53917
1784,42816,0,53917
1785,42840,0,53917
1786,42864,0,53917
1787,42888,0,53917
1788,42912,0,53917
1789,42936,0,53917
1790,42960,0,53917
1791,42984,0,53917
1792,43008,0,53917
1793,43032,0,53917
1794,43056,0,53917
1795,43080,0,53917
1796,43104,0,53917
1797,43128,0,53917
1798,43152,0,53917
1799,43176,0,53917
1800,43200,0,53917
1801,43224,0,53917
1802,43248,0,53917
1803,43272,0,53917
1804,43296,0,53917
1805,43320,0,53917
1806,43344,0,53917
1807,43368,0,53917
1808,43392,0,53917
1809,43416,0,53917
1810,43440,0,53917
1811,43464,0,53917
1812,43488,0,53917
1813,43512,0,53917
1814,43536,0,53917
1815,43560,0,53917
1816,43584,0,53917
1817,43608,0,53917
1818,43632,0,53917
1819,43656,0,53917
1820,43680,0,53917
1821,43704,0,53917
1822,43728,0,53917
1823,43752,0,53917
1824,43776,0,53917
1825,43800,0,53917
1826,43824,0,53917
1827,43848,0,53917
1828,43872,0,53917
1829,43896,0,53917
1830,43920,0,53917
1831,43944,0,53917
1832,43968,0,53917
1833,43992,0,53917
1834,44016,0,53917
1835,44040,0,53917
1836,44064,0,53917
1837,44088,0,53917
1838,44112,0,53917
1839,44136,0,53917
1840,44160,0,53917
1841,44184,0,53917
1842,44208,0,53917
1843,44232,0,53917
1844,44256,0,53917
1845,44280,0,53917
1846,44304,0,53917
1847,44328,0,53917
1848,44352,0,53917
1849,44376,0,53917
1850,44400,0,53917
1851,44424,0,53917
1852,44448,0,53917
1853,44472,0,53917
1854,44496,0,53917
1855,44520,0,53917
1856,44544,0,53917
1857,44568,0,53917
1858,44592,0,53917
1859,44616,0,53917
1860,44640,0,53917
1861,44664,0,53917
1862,44688,0,53917
1863,44712,0,53917
1864,44736,0,53917
1865,44760,0,53917
1866,44784,0,53917
1867,44808,0,53917
1868,44832,0,53917
1869,44856,0,53917
1870,44880,0,53917
1871,44904,0,53917
1872,44928,0,53917
1873,44952,0,53917
1874,44976,0,53917
1875,45000,0,53917
1876,45024,0,53917
1877,45048,0,53917
1878,45072,0,53917
1879,45096,0,53917
1880,45120,0,53917
1881,45144,0,53917
1882,45168,0,53917
1883,45192,0,53917
1884,45216,0,53917
1885,45240,0,53917
1886,45264,0,53917
1887,45288,0,53917
1888,45312,0,53917
1889,45336,0,53917
1890,45360,0,53917
1891,45384,0,53917
1892,45408,0,53917
1893,45432,0,53917
1894,45456,0,53917
1895,45480,0,53917
1896,45504,0,53917
1897,45528,0,53917
1898,45552,0,53917
1899,45576,0,53917
1900,45600,0,53917
1901,45624,0,53917
1902,45648,0,53917
1903,45672,0,53917
1904,45696,0,53917
1905,45720,0,53917
1906,45744,0,53917
1907,45768,0,53917
1908,45792,0,53917
1909,45816,0,53917
1910,45840,0,53917
1911,45864,0,53917
1912,45888,0,53917
1913,45912,0,53917
1914,45936,0,53917
1915,45960,0,53917
1916,45984,0,53917
1917,46008,0,53917
1918,46032,0,53917
1919,46056,0,53917
1920,46080,0,53917
1921,46104,0,53917
1922,46128,0,53917
1923,46152,0,53917
1924,46176,0,53917
1925,46200,0,53917
1926,46224,0,53917
1927,46248,0,53917
1928,46272,0,53917
1929,46296,0,53917
1930,46320,0,53917
1931,46344,0,53917
1932,46368,0,53917
1933,46392,0,53917
1934,46416,0,53917
1935,46440,0,53917
1936,46464,0,53917
1937,46488,0,53917
1938,46512,0,53917
1939,46536,0,53917
1940,46560,0,53917
1941,46584,0,53917
1942,46608,0,53917
1943,46632,0,53917
1944,46656,0,53917
1945,46680,0,53917
1946,46704,0,53917
1947,46728,0,53917
1948,46752,0,53917
1949,46776,0,53917
1950,46800,0,53917
1951,46824,0,53917
1952,46848,0,53917
1953,46872,0,53917
1954,46896,0,53917
1955,46920,0,53917
1956,46944,0,53917
1957,46968,0,53917
1958,46992,0,53917
1959,47016,0,53917
1960,47040,0,53917
1961,47064,0,53917
1962,47088,0,53917
1963,47112,0,53917
1964,47136,0,53917
1965,47160,0,53917
1966,47184,0,53917
1967,47208,0,53917
1968,47232,0,53917
1969,47256,0,53917
1970,47280,0,53917
1971,47304,0,53917
1972,47328,0,53917
1973,47352,0,53917
1974,47376,0,53917
1975,47400,0,53917
1976,47424,0,53917
1977,47448,0,53917
1978,47472,0,53917
1979,47496,0,53917
1980,47520,0,53917
1981,47544,0,53917
1982,47568,0,53917
1983,47592,0,53917
1984,47616,0,53917
1985,47640,0,53917
1986,47664,0,53917
1987,47688,0,53917
1988,47712,0,53917
1989,47736,0,53917
1990,47760,0,53917
1991,47784,0,53917
1992,47808,0,53917
1993,47832,0,53917
1994,47856,0,53917
1995,47880,0,53917
1996,47904,0,53917
1997,47928,0,53917
1998,47952,0,53917
1999,47976,0,53917
2000,48000,0,53917
2001,48024,0,53917
2002,48048,0,53917
2003,48072,0,53917
2004,48096,0,53917
2005,48120,0,53917
2006,48144,0,53917
2007,48168,0,53917
2008,48192,0,53917
2009,48216,0,53917
2010,48240,0,53917
2011,48264,0,53917
2012,48288,0,53917
2013,48312,0,53917
2014,48336,0,53917
2015,48360,0,53917
2016,48384,0,53917
2017,48408,0,53917
2018,48432,0,53917
2019,48456,0,53917
2020,48480,0,53917
2021,48504,0,53917
2022,48528,0,53917
2023,48552,0,53917
2024,48576,0,53917
2025,48600,0,53917
2026,48624,0,53917
2027,48648,0,53917
2028,48672,0,53917
2029,48696,0,53917
2030,48720,0,53917
2031,48744,0,53917
2032,48768,0,53917
2033,48792,0,53917
2034,48816,0,53917
2035,48840,0,53917
2036,48864,0,53917
2037,48888,0,53917
2038,48912,0,53917
2039,48936,0,53917
2040,48960,0,53917
2041,48984,0,53917
2042,49008,0,53917
2043,49032,0,53917
2044,49056,0,53917
2045,49080,1,53917
2046,49104,0,53917
2047,49128,0,53917
2048,49152,0,53917
2049,49176,0,53917
2050,49200,0,53917
2051,49224,0,53917
2052,49248,0,53917
2053,49272,0,53917
2054,49296,0,53917
2055,49320,0,53917
2056,49344,0,53917
2057,49368,0,53917
2058,49392,0,53917
2059,49416,0,53917
2060,49440,0,53917
2061,49464,0,53917
2062,49488,0,53917
2063,49512,0,53917
2064,49536,0,53917
2065,49560,0,53917
2066,49584,0,53917
2067,49608,0,53917
2068,49632,0,53917
2069,49656,0,53917
2070,49680,0,53917
2071,49704,0,53917
2072,49728,0,53917
2073,49752,0,53917
2074,49776,0,53917
2075,49800,0,53917
2076,49824,0,53917
2077,49848,0,53917
2078,49872,0,53917
2079,49896,0,53917
2080,49920,0,53917
2081,49944,0,53917
2082,49968,0,53917
2083,49992,0,53917
2084,50016,0,53917
2085,50040,0,53917
2086,50064,0,53917
2087,50088,0,53917
2088,50112,0,53917
2089,50136,0,53917
2090,50160,0,53917
2091,50184,0,53917
2092,50208,0,53917
2093,50232,0,53917
2094,50256,0,53917
2095,50280,0,53917
2096,50304,0,53917
2097,50328,0,53917
2098,50352,0,53917
2099,50376,0,53917
2100,50400,0,53917
2101,50424,0,53917
2102,50448,0,53917
2103,50472,0,53917
2104,50496,0,53917
2105,50520,0,53917
2106,50544,0,53917
2107,50568,0,53917
2108,50592,0,53917
2109,50616,0,53917
2110,50640,0,53917
2111,50664,0,53917
2112,50688,0,53917
2113,50712,0,53917
2114,50736,0,53917
2115,50760,0,53917
2116,50784,0,53917
2117,50808,0,53917
2118,50832,0,53917
2119,50856,0,53917
2120,50880,0,53917
2121,50904,0,53917
2122,50928,0,53917
2123,50952,0,53917
2124,50976,0,53917
2125,51000,0,53917
2126,51024,0,53917
2127,51048,0,53917
2128,51072,0,53917
2129,51096,0,53917
2130,51120,0,53917
2131,51144,0,53917
2132,51168,0,53917
2133,51192,0,53917
2134,51216,0,53917
2135,51240,0,53917
2136,51264,0,53917
2137,51288,0,53917
2138,51312,0,53917
2139,51336,0,53917
2140,51360,0,53917
2141,51384,0,53917
2142,51408,0,53917
2143,51432,0,53917
2144,51456,0,53917
2145,51480,0,53917
2146,51504,0,53917
2147,51528,0,53917
2148,51552,0,53917
2149,51576,0,53917
2150,51600,0,53917
2151,51624,0,53917
2152,51648,0,53917
2153,51672,0,53917
2154,51696,0,53917
2155,51720,0,53917
2156,51744,0,53917
2157,51768,0,53917
2158,51792,0,53917
2159,51816,0,53917
2160,51840,0,53917
2161,51864,0,53917
2162,51888,0,53917
2163,51912,0,53917
2164,51936,0,53917
2165,51960,0,53917
2166,51984,0,53917
2167,52008,0,53917
2168,52032,0,53917
2169,52056,0,53917
2170,52080,0,53917
2171,52104,0,53917
2172,52128,0,53917
2173,52152,0,53917
2174,52176,0,53917
2175,52200,0,53917
2176,52224,0,53917
2177,52248,0,53917
2178,52272,0,53917
2179,52296,0,53917
2180,52320,0,53917
2181,52344,0,53917
2182,52368,0,53917
2183,52392,0,53917
2184,52416,0,53917
2185,52440,0,53917
2186,52464,0,53917
2187,52488,0,53917
2188,52512,0,53917
2189,52536,0,53917
2190,52560,0,53917
2191,52584,0,53917
2192,52608,0,53917
2193,52632,0,53917
2194,52656,0,53917
2195,52680,0,53917
2196,52704,0,53917
2197,52728,0,53917
2198,52752,0,53917
2199,52776,0,53917
2200,52800,0,53917
2201,52824,0,53917
2202,52848,0,53917
2203,52872,0,53917
2204,52896,0,53917
2205,52920,0,53917
2206,52944,0,53917
2207,52968,0,53917
2208,52992,0,53917
2209,53016,0,53917
2210,53040,0,53917
2211,53064,0,53917
2212,53088,0,53917
2213,53112,0,53917
2214,53136,0,53917
2215,53160,0,53917
2216,53184,0,53917
2217,53208,0,53917
2218,53232,0,53917
2219,53256,0,53917
2220,53280,0,53917
2221,53304,0,53917
2222,53328,0,53917
2223,53352,0,53917
2224,53376,0,53917
2225,53400,0,53917
2226,53424,0,53917
2227,53448,0,53917
2228,53472,0,53917
2229,53496,0,53917
2230,53520,0,53917
2231,53544,0,53917
2232,53568,0,53917
2233,53592,0,53917
2234,53616,0,53917
2235,53640,0,53917
2236,53664,0,53917
2237,53688,0,53917
2238,53712,0,53917
2239,53736,0,53917
2240,53760,0,53917
2241,53784,1,53917
2242,53808,1,53917
2243,53832,1,53917
2244,53856,0,53917
2245,53880,0,53917
2246,53904,0,53917
2247,53928,0,53917
2248,53952,0,53917
2249,53976,0,53917
2250,54000,0,53917
2251,54024,0,53917
2252,54048,0,53917
2253,54072,0,53917
2254,54096,0,53917
2255,54120,0,53917
2256,54144,0,53917
2257,54168,0,53917
2258,54192,0,53917
2259,54216,0,53917
2260,54240,0,53917
2261,54264,0,53917
2262,54288,0,53917
2263,54312,0,53917
2264,54336,0,53917
2265,54360,0,53917
2266,54384,0,53917
2267,54408,0,53917
2268,54432,0,53917
2269,54456,0,53917
2270,54480,0,53917
2271,54504,0,53917
2272,54528,0,53917
2273,54552,0,53917
2274,54576,0,53917
2275,54600,0,53917
2276,54624,0,53917
2277,54648,0,53917
2278,54672,0,53917
2279,54696,0,53917
2280,54720,0,53917
2281,54744,0,53917
2282,54768,0,53917
2283,54792,0,53917
2284,54816,0,53917
2285,54840,0,53917
2286,54864,0,53917
2287,54888,0,53917
2288,54912,0,53917
2289,54936,0,53917
2290,54960,0,53917
2291,54984,0,53917
2292,55008,0,53917
2293,55032,0,53917
2294,55056,0,53917
2295,55080,0,53917
2296,55104,0,53917
2297,55128,0,53917
2298,55152,1,53917
2299,55176,1,53917
2300,55200,1,53917
2301,55224,0,53917
2302,55248,0,53917
2303,55272,0,53917
2304,55296,0,53917
2305,55320,0,53917
2306,55344,0,53917
2307,55368,0,53917
2308,55392,0,53917
2309,55416,0,53917
2310,55440,0,53917
2311,55464,0,53917
2312,55488,0,53917
2313,55512,0,53917
2314,55536,0,53917
2315,55560,0,53917
2316,55584,0,53917
2317,55608,0,53917
2318,55632,0,53917
2319,55656,0,53917
2320,55680,0,53917
2321,55704,0,53917
2322,55728,0,53917
2323,55752,0,53917
2324,55776,0,53917
2325,55800,0,53917
2326,55824,0,53917
2327,55848,0,53917
2328,55872,1,53917
2329,55896,0,53917
2330,55920,0,53917
2331,55944,0,53917
2332,55968,0,53917
2333,55992,0,53917
2334,56016,0,53917
2335,56040,0,53917
2336,56064,0,53917
2337,56088,0,53917
2338,56112,0,53917
2339,56136,0,53917
2340,56160,0,53917
2341,56184,0,53917
2342,56208,0,53917
2343,56232,0,53917
2344,56256,0,53917
2345,56280,0,53917
2346,56304,0,53917
2347,56328,0,53917
2348,56352,0,53917
2349,56376,0,53917
2350,56400,0,53917
2351,56424,0,53917
2352,56448,0,53917
2353,56472,0,53917
2354,56496,0,53917
2355,56520,0,53917
2356,56544,0,53917
2357,56568,0,53917
2358,56592,0,53917
2359,56616,0,53917
2360,56640,0,53917
2361,56664,0,53917
2362,56688,0,53917
2363,56712,0,53917
2364,56736,0,53917
2365,56760,0,53917
2366,56784,0,53917
2367,56808,0,53917
2368,56832,0,53917
2369,56856,0,53917
2370,56880,0,53917
2371,56904,0,53917
2372,56928,0,53917
2373,56952,0,53917
2374,56976,0,53917
2375,57000,0,53917
2376,57024,0,53917
2377,57048,0,53917
2378,57072,0,53917
2379,57096,0,53917
2380,57120,0,53917
2381,57144,0,53917
2382,57168,0,53917
2383,57192,0,53917
2384,57216,0,53917
2385,57240,0,53917
2386,57264,0,53917
2387,57288,0,53917
2388,57312,0,53917
2389,57336,0,53917
2390,57360,0,53917
2391,57384,0,53917
2392,57408,0,53917
2393,57432,0,53917
2394,57456,0,53917
2395,57480,0,53917
2396,57504,0,53917
2397,57528,0,53917
2398,57552,0,53917
2399,57576,0,53917
2400,57600,0,53917
2401,57624,0,53917
2402,57648,0,53917
2403,57672,0,53917
2404,57696,0,53917
2405,57720,0,53917
2406,57744,0,53917
2407,57768,0,53917
2408,57792,0,53917
2409,57816,0,53917
2410,57840,0,53917
2411,57864,0,53917
2412,57888,0,53917
2413,57912,0,53917
2414,57936,0,53917
2415,57960,0,53917
2416,57984,0,53917
2417,58008,0,53917
2418,58032,0,53917
2419,58056,0,53917
2420,58080,0,53917
2421,58104,0,53917
2422,58128,0,53917
2423,58152,0,53917
2424,58176,0,53917
2425,58200,0,53917
2426,58224,0,53917
2427,58248,0,53917
2428,58272,0,53917
2429,58296,0,53917
2430,58320,0,53917
2431,58344,0,53917
2432,58368,0,53917
2433,58392,0,53917
2434,58416,0,53917
2435,58440,1,53917
2436,58464,1,53917
2437,58488,0,53917
2438,58512,0,53917
2439,58536,0,53917
2440,58560,0,53917
2441,58584,0,53917
2442,58608,0,53917
2443,58632,0,53917
2444,58656,0,53917
2445,58680,0,53917
2446,58704,0,53917
2447,58728,0,53917
2448,58752,0,53917
2449,58776,0,53917
2450,58800,0,53917
2451,58824,0,53917
2452,58848,0,53917
2453,58872,0,53917
2454,58896,0,53917
2455,58920,0,53917
2456,58944,0,53917
2457,58968,0,53917
2458,58992,0,53917
2459,59016,0,53917
2460,59040,0,53917
2461,59064,0,53917
2462,59088,0,53917
2463,59112,0,53917
2464,59136,0,53917
2465,59160,0,53917
2466,59184,0,53917
2467,59208,0,53917
2468,59232,0,53917
2469,59256,0,53917
2470,59280,0,53917
2471,59304,0,53917
2472,59328,0,53917
2473,59352,0,53917
2474,59376,0,53917
2475,59400,0,53917
2476,59424,0,53917
2477,59448,0,53917
2478,59472,0,53917
2479,59496,0,53917
2480,59520,0,53917
2481,59544,0,53917
2482,59568,0,53917
2483,59592,0,53917
2484,59616,0,53917
2485,59640,0,53917
2486,59664,0,53917
2487,59688,0,53917
2488,59712,0,53917
2489,59736,0,53917
2490,59760,0,53917
2491,59784,0,53917
2492,59808,0,53917
2493,59832,0,53917
2494,59856,0,53917
2495,59880,0,53917
2496,59904,0,53917
2497,59928,0,53917
2498,59952,0,53917
2499,59976,0,53917
2500,60000,0,53917
2501,60024,0,53917
2502,60048,0,53917
2503,60072,0,53917
2504,60096,0,53917
2505,60120,0,53917
2506,60144,0,53917
2507,60168,0,53917
2508,60192,0,53917
2509,60216,0,53917
2510,60240,0,53917
2511,60264,0,53917
2512,60288,0,53917
2513,60312,0,53917
2514,60336,0,53917
2515,60360,0,53917
2516,60384,0,53917
2517,60408,0,53917
2518,60432,0,53917
2519,60456,0,53917
2520,60480,0,53917
2521,60504,0,53917
2522,60528,0,53917
2523,60552,0,53917
2524,60576,0,53917
2525,60600,0,53917
2526,60624,0,53917
2527,60648,0,53917
2528,60672,0,53917
2529,60696,0,53917
2530,60720,0,53917
2531,60744,0,53917
2532,60768,0,53917
2533,60792,0,53917
2534,60816,0,53917
2535,60840,0,53917
2536,60864,0,53917
2537,60888,0,53917
2538,60912,0,53917
2539,60936,0,53917
2540,60960,0,53917
2541,60984,0,53917
2542,61008,0,53917
2543,61032,0,53917
2544,61056,0,53917
2545,61080,0,53917
2546,61104,0,53917
2547,61128,0,53917
2548,61152,0,53917
2549,61176,0,53917
2550,61200,0,53917
2551,61224,0,53917
2552,61248,0,53917
2553,61272,0,53917
2554,61296,0,53917
2555,61320,0,53917
2556,61344,0,53917
2557,61368,0,53917
2558,61392,0,53917
2559,61416,0,53917
2560,61440,0,53917
2561,61464,0,53917
2562,61488,0,53917
2563,61512,0,53917
2564,61536,0,53917
2565,61560,0,53917
2566,61584,0,53917
2567,61608,0,53917
2568,61632,0,53917
2569,61656,0,53917
2570,61680,0,53917
2571,61704,0,53917
2572,61728,0,53917
2573,61752,0,53917
2574,61776,0,53917
2575,61800,0,53917
2576,61824,0,53917
2577,61848,0,53917
2578,61872,0,53917
2579,61896,0,53917
2580,61920,0,53917
2581,61944,0,53917
2582,61968,0,53917
2583,61992,0,53917
2584,62016,0,53917
2585,62040,0,53917
2586,62064,0,53917
2587,62088,0,53917
2588,62112,0,53917
2589,62136,0,53917
2590,62160,0,53917
2591,62184,0,53917
2592,62208,0,53917
2593,62232,0,53917
2594,62256,0,53917
2595,62280,0,53917
2596,62304,0,53917
2597,62328,0,53917
2598,62352,0,53917
2599,62376,0,53917
2600,62400,0,53917
2601,62424,0,53917
2602,62448,0,53917
2603,62472,0,53917
2604,62496,0,53917
2605,62520,0,53917
2606,62544,0,53917
2607,62568,0,53917
2608,62592,0,53917
2609,62616,0,53917
2610,62640,0,53917
2611,62664,0,53917
2612,62688,0,53917
2613,62712,0,53917
2614,62736,0,53917
2615,62760,0,53917
2616,62784,0,53917
2617,62808,0,53917
2618,62832,0,53917
2619,62856,0,53917
2620,62880,0,53917
2621,62904,0,53917
2622,62928,0,53917
2623,62952,0,53917
2624,62976,0,53917
2625,63000,0,53917
2626,63024,0,53917
2627,63048,0,53917
2628,63072,0,53917
2629,63096,0,53917
2630,63120,0,53917
2631,63144,0,53917
2632,63168,0,53917
2633,63192,0,53917
2634,63216,0,53917
2635,63240,0,53917
2636,63264,0,53917
2637,63288,0,53917
2638,63312,0,53917
2639,63336,0,53917
2640,63360,0,53917
2641,63384,0,53917
2642,63408,0,53917
2643,63432,0,53917
2644,63456,0,53917
2645,63480,0,53917
2646,63504,0,53917
2647,63528,0,53917
2648,63552,0,53917
2649,63576,0,53917
2650,63600,0,53917
2651,63624,0,53917
2652,63648,0,53917
2653,63672,0,53917
2654,63696,0,53917
2655,63720,0,53917
2656,63744,0,53917
2657,63768,0,53917
2658,63792,0,53917
2659,63816,0,53917
2660,63840,0,53917
2661,63864,0,53917
2662,63888,0,53917
2663,63912,0,53917
2664,63936,0,53917
2665,63960,0,53917
2666,63984,0,53917
2667,64008,0,53917
2668,64032,0,53917
2669,64056,0,53917
2670,64080,0,53917
2671,64104,0,53917
2672,64128,0,53917
2673,64152,0,53917
2674,64176,0,53917
2675,64200,0,53917
2676,64224,0,53917
2677,64248,0,53917
2678,64272,0,53917
2679,64296,0,53917
2680,64320,0,53917
2681,64344,0,53917
2682,64368,0,53917
2683,64392,0,53917
2684,64416,0,53917
2685,64440,0,53917
2686,64464,0,53917
2687,64488,0,53917
2688,64512,0,53917
2689,64536,0,53917
2690,64560,0,53917
2691,64584,0,53917
2692,64608,0,53917
2693,64632,0,53917
2694,64656,0,53917
2695,64680,0,53917
2696,64704,0,53917
2697,64728,0,53917
2698,64752,0,53917
2699,64776,0,53917
2700,64800,0,53917
2701,64824,0,53917
2702,64848,0,53917
2703,64872,0,53917
2704,64896,0,53917
2705,64920,0,53917
2706,64944,0,53917
2707,64968,0,53917
2708,64992,0,53917
2709,65016,0,53917
2710,65040,0,53917
2711,65064,0,53917
2712,65088,0,53917
2713,65112,0,53917
2714,65136,0,53917
2715,65160,0,53917
2716,65184,0,53917
2717,65208,0,53917
2718,65232,0,53917
2719,65256,0,53917
2720,65280,0,53917
2721,65304,0,53917
2722,65328,0,53917
2723,65352,0,53917
2724,65376,0,53917
2725,65400,0,53917
2726,65424,0,53917
2727,65448,0,53917
2728,65472,0,53917
2729,65496,0,53917
2730,65520,0,53917
2731,65544,0,53917
2732,65568,0,53917
2733,65592,0,53917
2734,65616,0,53917
2735,65640,0,53917
2736,65664,0,53917
2737,65688,0,53917
2738,65712,0,53917
2739,65736,0,53917
2740,65760,0,53917
2741,65784,0,53917
2742,65808,0,53917
2743,65832,0,53917
2744,65856,0,53917
2745,65880,0,53917
2746,65904,0,53917
2747,65928,0,53917
2748,65952,0,53917
2749,65976,0,53917
2750,66000,0,53917
2751,66024,0,53917
2752,66048,0,53917
2753,66072,0,53917
2754,66096,0,53917
2755,66120,0,53917
2756,66144,0,53917
2757,66168,0,53917
2758,66192,0,53917
2759,66216,0,53917
2760,66240,0,53917
2761,66264,0,53917
2762,66288,0,53917
2763,66312,0,53917
2764,66336,0,53917
2765,66360,0,53917
2766,66384,0,53917
2767,66408,0,53917
2768,66432,0,53917
2769,66456,0,53917
2770,66480,0,53917
2771,66504,0,53917
2772,66528,0,53917
2773,66552,0,53917
2774,66576,0,53917
2775,66600,0,53917
2776,66624,0,53917
2777,66648,0,53917
2778,66672,0,53917
2779,66696,0,53917
2780,66720,0,53917
2781,66744,0,53917
2782,66768,0,53917
2783,66792,0,53917
2784,66816,0,53917
2785,66840,0,53917
2786,66864,0,53917
2787,66888,0,53917
2788,66912,0,53917
2789,66936,0,53917
2790,66960,0,53917
2791,66984,0,53917
2792,67008,0,53917
2793,67032,0,53917
2794,67056,0,53917
2795,67080,0,53917
2796,67104,0,53917
2797,67128,0,53917
2798,67152,0,53917
2799,67176,0,53917
2800,67200,0,53917
2801,67224,0,53917
2802,67248,0,53917
2803,67272,0,53917
2804,67296,0,53917
2805,67320,0,53917
2806,67344,0,53917
2807,67368,0,53917
2808,67392,0,53917
2809,67416,0,53917
2810,67440,0,53917
2811,67464,0,53917
2812,67488,0,53917
2813,67512,0,53917
2814,67536,0,53917
2815,67560,0,53917
2816,67584,0,53917
2817,67608,0,53917
2818,67632,0,53917
2819,67656,0,53917
2820,67680,0,53917
2821,67704,0,53917
2822,67728,0,53917
2823,67752,0,53917
2824,67776,1,53917
2825,67800,0,53917
2826,67824,0,53917
2827,67848,0,53917
2828,67872,0,53917
2829,67896,0,53917
2830,67920,0,53917
2831,67944,0,53917
2832,67968,0,53917
2833,67992,0,53917
2834,68016,0,53917
2835,68040,0,53917
2836,68064,0,53917
2837,68088,0,53917
2838,68112,0,53917
2839,68136,0,53917
2840,68160,0,53917
2841,68184,0,53917
2842,68208,0,53917
2843,68232,0,53917
2844,68256,0,53917
2845,68280,0,53917
2846,68304,0,53917
2847,68328,0,53917
2848,68352,0,53917
2849,68376,0,53917
2850,68400,0,53917
2851,68424,0,53917
2852,68448,0,53917
2853,68472,0,53917
2854,68496,0,53917
2855,68520,0,53917
2856,68544,0,53917
2857,68568,0,53917
2858,68592,0,53917
2859,68616,0,53917
2860,68640,0,53917
2861,68664,0,53917
2862,68688,0,53917
2863,68712,0,53917
2864,68736,0,53917
2865,68760,0,53917
2866,68784,0,53917
2867,68808,0,53917
2868,68832,0,53917
2869,68856,0,53917
2870,68880,0,53917
2871,68904,0,53917
2872,68928,0,53917
2873,68952,0,53917
2874,68976,0,53917
2875,69000,0,53917
2876,69024,0,53917
2877,69048,0,53917
2878,69072,0,53917
2879,69096,0,53917
2880,69120,0,53917
2881,69144,0,53917
2882,69168,0,53917
2883,69192,0,53917
2884,69216,0,53917
2885,69240,0,53917
2886,69264,0,53917
2887,69288,0,53917
2888,69312,0,53917
2889,69336,0,53917
2890,69360,0,53917
2891,69384,0,53917
2892,69408,0,53917
2893,69432,0,53917
2894,69456,0,53917
2895,69480,0,53917
2896,69504,0,53917
2897,69528,0,53917
2898,69552,0,53917
2899,69576,0,53917
2900,69600,0,53917
2901,69624,0,53917
2902,69648,0,53917
2903,69672,0,53917
2904,69696,0,53917
2905,69720,0,53917
2906,69744,0,53917
2907,69768,0,53917
2908,69792,0,53917
2909,69816,0,53917
2910,69840,0,53917
2911,69864,0,53917
2912,69888,0,53917
2913,69912,0,53917
2914,69936,0,53917
2915,69960,0,53917
2916,69984,0,53917
2917,70008,0,53917
2918,70032,0,53917
2919,70056,0,53917
2920,70080,0,53917
2921,70104,0,53917
2922,70128,0,53917
2923,70152,0,53917
2924,70176,0,53917
2925,70200,0,53917
2926,70224,0,53917
2927,70248,0,53917
2928,70272,0,53917
2929,70296,0,53917
2930,70320,0,53917
2931,70344,0,53917
2932,70368,0,53917
2933,70392,0,53917
2934,70416,0,53917
2935,70440,0,53917
2936,70464,0,53917
2937,70488,0,53917
2938,70512,0,53917
2939,70536,0,53917
2940,70560,0,53917
2941,70584,0,53917
2942,70608,0,53917
2943,70632,0,53917
2944,70656,0,53917
2945,70680,0,53917
2946,70704,0,53917
2947,70728,0,53917
2948,70752,0,53917
2949,70776,0,53917
2950,70800,0,53917
2951,70824,0,53917
2952,70848,0,53917
2953,70872,0,53917
2954,70896,0,53917
2955,70920,0,53917
2956,70944,0,53917
2957,70968,0,53917
2958,70992,0,53917
2959,71016,0,53917
2960,71040,0,53917
2961,71064,0,53917
2962,71088,0,53917
2963,71112,0,53917
2964,71136,0,53917
2965,71160,0,53917
2966,71184,0,53917
2967,71208,0,53917
2968,71232,0,53917
2969,71256,0,53917
2970,71280,0,53917
2971,71304,0,53917
2972,71328,0,53917
2973,71352,0,53917
2974,71376,0,53917
2975,71400,0,53917
2976,71424,0,53917
2977,71448,0,53917
2978,71472,0,53917
2979,71496,0,53917
2980,71520,0,53917
2981,71544,0,53917
2982,71568,0,53917
2983,71592,0,53917
2984,71616,0,53917
2985,71640,0,53917
2986,71664,0,53917
2987,71688,0,53917
2988,71712,0,53917
2989,71736,0,53917
2990,71760,0,53917
2991,71784,0,53917
2992,71808,0,53917
2993,71832,0,53917
2994,71856,0,53917
2995,71880,0,53917
2996,71904,0,53917
2997,71928,0,53917
2998,71952,0,53917
2999,71976,0,53917
3000,72000,0,53917
3001,72024,0,53917
3002,72048,0,53917
3003,72072,0,53917
3004,72096,0,53917
3005,72120,0,53917
3006,72144,0,53917
3007,72168,0,53917
3008,72192,0,53917
3009,72216,0,53917
3010,72240,0,53917
3011,72264,0,53917
3012,72288,0,53917
3013,72312,0,53917
3014,72336,0,53917
3015,72360,0,53917
3016,72384,0,53917
3017,72408,0,53917
3018,72432,0,53917
3019,72456,0,53917
3020,72480,0,53917
3021,72504,0,53917
3022,72528,0,53917
3023,72552,0,53917
3024,72576,0,53917
3025,72600,0,53917
3026,72624,0,53917
3027,72648,0,53917
3028,72672,0,53917
3029,72696,0,53917
3030,72720,0,53917
3031,72744,0,53917
3032,72768,0,53917
3033,72792,0,53917
3034,72816,0,53917
3035,72840,0,53917
3036,72864,0,53917
3037,72888,0,53917
3038,72912,0,53917
3039,72936,0,53917
3040,72960,0,53917
3041,72984,0,53917
3042,73008,0,53917
3043,73032,0,53917
3044,73056,0,53917
3045,73080,0,53917
3046,73104,0,53917
3047,73128,0,53917
3048,73152,1,53917
3049,73176,1,53917
3050,73200,1,53917
3051,73224,1,53917
3052,73248,1,53917
3053,73272,1,53917
3054,73296,1,53917
3055,73320,1,53917
3056,73344,1,53917
3057,73368,1,53917
3058,73392,1,53917
3059,73416,1,53917
3060,73440,1,53917
3061,73464,1,53917
3062,73488,1,53917
3063,73512,1,53917
3064,73536,1,53917
3065,73560,1,53917
3066,73584,1,53917
3067,73608,1,53917
3068,73632,1,53917
3069,73656,1,53917
3070,73680,1,53917
3071,73704,1,53917
3072,73728,1,53917
3073,73752,1,53917
3074,73776,1,53917
3075,73800,1,53917
3076,73824,1,53917
3077,73848,1,53917
3078,73872,1,53917
3079,73896,1,53917
3080,73920,1,53917
3081,73944,1,53917
3082,73968,1,53917
3083,73992,1,53917
3084,74016,1,53917
3085,74040,1,53917
3086,74064,1,53917
3087,74088,1,53917
3088,74112,1,53917
3089,74136,1,53917
3090,74160,1,53917
3091,74184,1,53917
3092,74208,1,53917
3093,74232,1,53917
3094,74256,1,53917
3095,74280,1,53917
3096,74304,1,53917
3097,74328,1,53917
3098,74352,1,53917
3099,74376,1,53917
3100,74400,1,53917
3101,74424,1,53917
3102,74448,1,53917
3103,74472,1,53917
3104,74496,1,53917
3105,74520,1,53917
3106,74544,1,53917
3107,74568,1,53917
3108,74592,1,53917
3109,74616,1,53917
3110,74640,1,53917
3111,74664,1,53917
3112,74688,1,53917
3113,74712,1,53917
3114,74736,1,53917
3115,74760,1,53917
3116,74784,1,53917
3117,74808,1,53917
3118,74832,1,53917
3119,74856,1,53917
3120,74880,1,53917
3121,74904,1,53917
3122,74928,1,53917
3123,74952,1,53917
3124,74976,1,53917
3125,75000,1,53917
3126,75024,1,53917
3127,75048,1,53917
3128,75072,1,53917
3129,75096,1,53917
3130,75120,1,53917
3131,75144,1,53917
3132,75168,1,53917
3133,75192,1,53917
3134,75216,1,53917
3135,75240,1,53917
3136,75264,1,53917
3137,75288,1,53917
3138,75312,1,53917
3139,75336,1,53917
3140,75360,1,53917
3141,75384,1,53917
3142,75408,1,53917
3143,75432,1,53917
3144,75456,1,53917
3145,75480,1,53917
3146,75504,1,53917
3147,75528,1,53917
3148,75552,1,53917
3149,75576,1,53917
3150,75600,1,53917
3151,75624,1,53917
3152,75648,1,53917
3153,75672,1,53917
3154,75696,1,53917
3155,75720,1,53917
3156,75744,1,53917
3157,75768,1,53917
3158,75792,1,53917
3159,75816,1,53917
3160,75840,1,53917
3161,75864,1,53917
3162,75888,1,53917
3163,75912,1,53917
3164,75936,1,53917
3165,75960,1,53917
3166,75984,1,53917
3167,76008,1,53917
3168,76032,1,53917
3169,76056,1,53917
3170,76080,1,53917
3171,76104,1,53917
3172,76128,0,53917
3173,76152,1,53917
3174,76176,1,53917
3175,76200,1,53917
3176,76224,1,53917
3177,76248,1,53917
3178,76272,1,53917
3179,76296,1,53917
3180,76320,1,53917
3181,76344,1,53917
3182,76368,1,53917
3183,76392,1,53917
3184,76416,1,53917
3185,76440,1,53917
3186,76464,1,53917
3187,76488,1,53917
3188,76512,1,53917
3189,76536,1,53917
3190,76560,1,53917
3191,76584,1,53917
3192,76608,1,53917
3193,76632,1,53917
3194,76656,1,53917
3195,76680,1,53917
3196,76704,1,53917
3197,76728,1,53917
3198,76752,1,53917
3199,76776,1,53917
3200,76800,1,53917
3201,76824,1,53917
3202,76848,1,53917
3203,76872,1,53917
3204,76896,1,53917
3205,76920,1,53917
3206,76944,1,53917
3207,76968,1,53917
3208,76992,1,53917
3209,77016,1,53917
3210,77040,1,53917
3211,77064,1,53917
3212,77088,1,53917
3213,77112,1,53917
3214,77136,1,53917
3215,77160,1,53917
3216,77184,1,53917
3217,77208,1,53917
3218,77232,1,53917
3219,77256,1,53917
3220,77280,1,53917
3221,77304,1,53917
3222,77328,1,53917
3223,77352,1,53917
3224,77376,1,53917
3225,77400,0,53917
3226,77424,1,53917
3227,77448,1,53917
3228,77472,1,53917
3229,77496,1,53917
3230,77520,1,53917
3231,77544,1,53917
3232,77568,1,53917
3233,77592,1,53917
3234,77616,1,53917
3235,77640,1,53917
3236,77664,1,53917
3237,77688,1,53917
3238,77712,1,53917
3239,77736,1,53917
3240,77760,1,53917
3241,77784,1,53917
3242,77808,1,53917
3243,77832,1,53917
3244,77856,1,53917
3245,77880,1,53917
3246,77904,1,53917
3247,77928,1,53917
3248,77952,1,53917
3249,77976,1,53917
3250,78000,1,53917
3251,78024,1,53917
3252,78048,1,53917
3253,78072,1,53917
3254,78096,1,53917
3255,78120,1,53917
3256,78144,1,53917
3257,78168,1,53917
3258,78192,1,53917
3259,78216,1,53917
3260,78240,1,53917
3261,78264,1,53917
3262,78288,1,53917
3263,78312,1,53917
3264,78336,1,53917
3265,78360,0,53917
3266,78384,1,53917
3267,78408,1,53917
3268,78432,1,53917
3269,78456,1,53917
3270,78480,1,53917
3271,78504,1,53917
3272,78528,1,53917
3273,78552,1,53917
3274,78576,1,53917
3275,78600,1,53917
3276,78624,1,53917
3277,78648,1,53917
3278,78672,1,53917
3279,78696,1,53917
3280,78720,1,53917
3281,78744,1,53917
3282,78768,1,53917
3283,78792,1,53917
3284,78816,1,53917
3285,78840,1,53917
3286,78864,1,53917
3287,78888,1,53917
3288,78912,1,53917
3289,78936,1,53917
3290,78960,1,53917
3291,78984,1,53917
3292,79008,1,53917
3293,79032,1,53917
3294,79056,1,53917
3295,79080,1,53917
3296,79104,1,53917
3297,79128,1,53917
3298,79152,1,53917
3299,79176,1,53917
3300,79200,1,53917
3301,79224,1,53917
3302,79248,1,53917
3303,79272,1,53917
3304,79296,0,53917
3305,79320,1,53917
3306,79344,0,53917
3307,79368,0,53917
3308,79392,0,53917
3309,79416,0,53917
3310,79440,0,53917
3311,79464,0,53917
3312,79488,0,53917
3313,79512,1,53917
3314,79536,1,53917
3315,79560,1,53917
3316,79584,1,53917
3317,79608,0,53917
3318,79632,0,53917
3319,79656,0,53917
3320,79680,0,53917
3321,79704,0,53917
3322,79728,0,53917
3323,79752,0,53917
3324,79776,0,53917
3325,79800,0,53917
3326,79824,0,53917
3327,79848,1,53917
3328,79872,1,53917
3329,79896,1,53917
3330,79920,1,53917
3331,79944,1,53917
3332,79968,1,53917
3333,79992,1,53917
3334,80016,1,53917
3335,80040,1,53917
3336,80064,0,53917
3337,80088,0,53917
3338,80112,1,53917
3339,80136,1,53917
3340,80160,1,53917
3341,80184,1,53917
3342,80208,0,53917
3343,80232,0,53917
3344,80256,0,53917
3345,80280,0,53917
3346,80304,0,53917
3347,80328,1,53917
3348,80352,1,53917
3349,80376,1,53917
3350,80400,1,53917
3351,80424,1,53917
3352,80448,1,53917
3353,80472,1,53917
3354,80496,1,53917
3355,80520,1,53917
3356,80544,1,53917
3357,80568,1,53917
3358,80592,0,53917
3359,80616,0,53917
3360,80640,0,53917
3361,80664,0,53917
3362,80688,0,53917
3363,80712,1,53917
3364,80736,0,53917
3365,80760,0,53917
3366,80784,0,53917
3367,80808,0,53917
3368,80832,0,53917
3369,80856,0,53917
3370,80880,0,53917
3371,80904,0,53917
3372,80928,0,53917
3373,80952,0,53917
3374,80976,0,53917
3375,81000,0,53917
3376,81024,0,53917
3377,81048,0,53917
3378,81072,0,53917
3379,81096,0,53917
3380,81120,0,53917
3381,81144,0,53917
3382,81168,0,53917
3383,81192,0,53917
3384,81216,0,53917
3385,81240,0,53917
3386,81264,0,53917
3387,81288,0,53917
3388,81312,0,53917
3389,81336,0,53917
3390,81360,0,53917
3391,81384,0,53917
3392,81408,0,53917
3393,81432,0,53917
3394,81456,0,53917
3395,81480,0,53917
3396,81504,0,53917
3397,81528,0,53917
3398,81552,0,53917
3399,81576,0,53917
3400,81600,0,53917
3401,81624,0,53917
3402,81648,0,53917
3403,81672,0,53917
3404,81696,0,53917
3405,81720,0,53917
3406,81744,0,53917
3407,81768,0,53917
3408,81792,0,53917
3409,81816,0,53917
3410,81840,0,53917
3411,81864,0,53917
3412,81888,0,53917
3413,81912,0,53917
3414,81936,0,53917
3415,81960,0,53917
3416,81984,0,53917
3417,82008,0,53917
3418,82032,0,53917
3419,82056,0,53917
3420,82080,0,53917
3421,82104,0,53917
3422,82128,0,53917
3423,82152,0,53917
3424,82176,0,53917
3425,82200,0,53917
3426,82224,0,53917
3427,82248,0,53917
3428,82272,0,53917
3429,82296,0,53917
3430,82320,0,53917
3431,82344,0,53917
3432,82368,0,53917
3433,82392,0,53917
3434,82416,0,53917
3435,82440,0,53917
3436,82464,0,53917
3437,82488,0,53917
3438,82512,0,53917
3439,82536,0,53917
3440,82560,0,53917
3441,82584,0,53917
3442,82608,0,53917
3443,82632,0,53917
3444,82656,0,53917
3445,82680,0,53917
3446,82704,0,53917
3447,82728,0,53917
3448,82752,0,53917
3449,82776,0,53917
3450,82800,0,53917
3451,82824,0,53917
3452,82848,0,53917
3453,82872,0,53917
3454,82896,0,53917
3455,82920,0,53917
3456,82944,0,53917
3457,82968,0,53917
3458,82992,0,53917
3459,83016,0,53917
3460,83040,0,53917
3461,83064,0,53917
3462,83088,0,53917
3463,83112,0,53917
3464,83136,0,53917
3465,83160,0,53917
3466,83184,0,53917
3467,83208,0,53917
3468,83232,0,53917
3469,83256,0,53917
3470,83280,0,53917
3471,83304,0,53917
3472,83328,0,53917
3473,83352,0,53917
3474,83376,0,53917
3475,83400,0,53917
3476,83424,0,53917
3477,83448,0,53917
3478,83472,0,53917
3479,83496,0,53917
3480,83520,0,53917
3481,83544,0,53917
3482,83568,0,53917
3483,83592,0,53917
3484,83616,0,53917
3485,83640,0,53917
3486,83664,0,53917
3487,83688,0,53917
3488,83712,0,53917
3489,83736,0,53917
3490,83760,0,53917
3491,83784,0,53917
3492,83808,0,53917
3493,83832,0,53917
3494,83856,0,53917
3495,83880,0,53917
3496,83904,0,53917
3497,83928,0,53917
3498,83952,0,53917
3499,83976,0,53917
3500,84000,0,53917
3501,84024,0,53917
3502,84048,0,53917
3503,84072,0,53917
3504,84096,0,53917
3505,84120,0,53917
3506,84144,0,53917
3507,84168,0,53917
3508,84192,0,53917
3509,84216,0,53917
3510,84240,0,53917
3511,84264,0,53917
3512,84288,0,53917
3513,84312,0,53917
3514,84336,0,53917
3515,84360,0,53917
3516,84384,0,53917
3517,84408,0,53917
3518,84432,0,53917
3519,84456,0,53917
3520,84480,0,53917
3521,84504,0,53917
3522,84528,0,53917
3523,84552,0,53917
3524,84576,0,53917
3525,84600,0,53917
3526,84624,0,53917
3527,84648,0,53917
3528,84672,0,53917
3529,84696,0,53917
3530,84720,0,53917
3531,84744,0,53917
3532,84768,0,53917
3533,84792,0,53917
3534,84816,1,53917
3535,84840,0,53917
3536,84864,0,53917
3537,84888,0,53917
3538,84912,0,53917
3539,84936,0,53917
3540,84960,0,53917
3541,84984,0,53917
3542,85008,0,53917
3543,85032,0,53917
3544,85056,0,53917
3545,85080,0,53917
3546,85104,0,53917
3547,85128,0,53917
3548,85152,0,53917
3549,85176,0,53917
3550,85200,0,53917
3551,85224,0,53917
3552,85248,0,53917
3553,85272,0,53917
3554,85296,0,53917
3555,85320,0,53917
3556,85344,0,53917
3557,85368,0,53917
3558,85392,0,53917
3559,85416,0,53917
3560,85440,0,53917
3561,85464,0,53917
3562,85488,0,53917
3563,85512,0,53917
3564,85536,0,53917
3565,85560,0,53917
3566,85584,0,53917
3567,85608,0,53917
3568,85632,0,53917
3569,85656,0,53917
3570,85680,0,53917
3571,85704,0,53917
3572,85728,0,53917
3573,85752,0,53917
3574,85776,0,53917
3575,85800,0,53917
3576,85824,0,53917
3577,85848,0,53917
3578,85872,0,53917
3579,85896,0,53917
3580,85920,0,53917
3581,85944,0,53917
3582,85968,0,53917
3583,85992,0,53917
3584,86016,0,53917
3585,86040,0,53917
3586,86064,0,53917
3587,86088,0,53917
3588,86112,0,53917
3589,86136,0,53917
3590,86160,0,53917
3591,86184,0,53917
3592,86208,0,53917
3593,86232,0,53917
3594,86256,0,53917
3595,86280,0,53917
3596,86304,0,53917
3597,86328,0,53917
3598,86352,0,53917
3599,86376,0,53917
3600,86400,0,53917
3601,86424,0,53917
3602,86448,0,53917
3603,86472,0,53917
3604,86496,0,53917
3605,86520,0,53917
3606,86544,0,53917
3607,86568,0,53917
3608,86592,0,53917
3609,86616,0,53917
3610,86640,0,53917
3611,86664,0,53917
3612,86688,0,53917
3613,86712,0,53917
3614,86736,0,53917
3615,86760,0,53917
3616,86784,0,53917
3617,86808,0,53917
3618,86832,0,53917
3619,86856,0,53917
3620,86880,0,53917
3621,86904,0,53917
3622,86928,0,53917
3623,86952,0,53917
3624,86976,0,53917
3625,87000,0,53917
3626,87024,0,53917
3627,87048,0,53917
3628,87072,0,53917
3629,87096,0,53917
3630,87120,0,53917
3631,87144,0,53917
3632,87168,0,53917
3633,87192,0,53917
3634,87216,0,53917
3635,87240,0,53917
3636,87264,0,53917
3637,87288,0,53917
3638,87312,0,53917
3639,87336,0,53917
3640,87360,0,53917
3641,87384,0,53917
3642,87408,0,53917
3643,87432,0,53917
3644,87456,0,53917
3645,87480,0,53917
3646,87504,0,53917
3647,87528,0,53917
3648,87552,0,53917
3649,87576,0,53917
3650,87600,0,53917
3651,87624,0,53917
3652,87648,0,53917
3653,87672,0,53917
3654,87696,0,53917
3655,87720,0,53917
3656,87744,0,53917
3657,87768,0,53917
3658,87792,0,53917
3659,87816,0,53917
3660,87840,0,53917
3661,87864,0,53917
3662,87888,0,53917
3663,87912,0,53917
3664,87936,0,53917
3665,87960,0,53917
3666,87984,0,53917
3667,88008,0,53917
3668,88032,0,53917
3669,88056,0,53917
3670,88080,0,53917
3671,88104,0,53917
3672,88128,0,53917
3673,88152,0,53917
3674,88176,0,53917
3675,88200,0,53917
3676,88224,0,53917
3677,88248,0,53917
3678,88272,0,53917
3679,88296,0,53917
3680,88320,0,53917
3681,88344,0,53917
3682,88368,0,53917
3683,88392,0,53917
3684,88416,0,53917
3685,88440,0,53917
3686,88464,0,53917
3687,88488,0,53917
3688,88512,0,53917
3689,88536,0,53917
3690,88560,0,53917
3691,88584,0,53917
3692,88608,0,53917
3693,88632,0,53917
3694,88656,0,53917
3695,88680,0,53917
3696,88704,0,53917
3697,88728,0,53917
3698,88752,0,53917
3699,88776,0,53917
3700,88800,0,53917
3701,88824,0,53917
3702,88848,0,53917
3703,88872,0,53917
3704,88896,0,53917
3705,88920,0,53917
3706,88944,0,53917
3707,88968,0,53917
3708,88992,0,53917
3709,89016,0,53917
3710,89040,0,53917
3711,89064,0,53917
3712,89088,0,53917
3713,89112,0,53917
3714,89136,0,53917
3715,89160,0,53917
3716,89184,0,53917
3717,89208,0,53917
3718,89232,0,53917
3719,89256,0,53917
3720,89280,0,53917
3721,89304,0,53917
3722,89328,0,53917
3723,89352,0,53917
3724,89376,0,53917
3725,89400,0,53917
3726,89424,0,53917
3727,89448,0,53917
3728,89472,0,53917
3729,89496,0,53917
3730,89520,0,53917
3731,89544,0,53917
3732,89568,0,53917
3733,89592,0,53917
3734,89616,0,53917
3735,89640,0,53917
3736,89664,0,53917
3737,89688,0,53917
3738,89712,0,53917
3739,89736,0,53917
3740,89760,0,53917
3741,89784,0,53917
3742,89808,0,53917
3743,89832,0,53917
3744,89856,0,53917
3745,89880,0,53917
3746,89904,0,53917
3747,89928,0,53917
3748,89952,0,53917
3749,89976,0,53917
3750,90000,0,53917
3751,90024,0,53917
3752,90048,0,53917
3753,90072,0,53917
3754,90096,0,53917
3755,90120,0,53917
3756,90144,0,53917
3757,90168,0,53917
3758,90192,0,53917
3759,90216,0,53917
3760,90240,0,53917
3761,90264,0,53917
3762,90288,0,53917
3763,90312,0,53917
3764,90336,0,53917
3765,90360,0,53917
3766,90384,0,53917
3767,90408,0,53917
3768,90432,0,53917
3769,90456,0,53917
3770,90480,0,53917
3771,90504,0,53917
3772,90528,0,53917
3773,90552,0,53917
3774,90576,0,53917
3775,90600,0,53917
3776,90624,0,53917
3777,90648,0,53917
3778,90672,0,53917
3779,90696,0,53917
3780,90720,0,53917
3781,90744,0,53917
3782,90768,0,53917
3783,90792,0,53917
3784,90816,0,53917
3785,90840,0,53917
3786,90864,0,53917
3787,90888,0,53917
3788,90912,0,53917
3789,90936,0,53917
3790,90960,0,53917
3791,90984,0,53917
3792,91008,0,53917
3793,91032,0,53917
3794,91056,0,53917
3795,91080,0,53917
3796,91104,0,53917
3797,91128,0,53917
3798,91152,0,53917
3799,91176,0,53917
3800,91200,0,53917
3801,91224,0,53917
3802,91248,0,53917
3803,91272,0,53917
3804,91296,0,53917
3805,91320,0,53917
3806,91344,0,53917
3807,91368,0,53917
3808,91392,0,53917
3809,91416,0,53917
3810,91440,0,53917
3811,91464,0,53917
3812,91488,0,53917
3813,91512,0,53917
3814,91536,0,53917
3815,91560,0,53917
3816,91584,0,53917
3817,91608,0,53917
3818,91632,0,53917
3819,91656,0,53917
3820,91680,0,53917
3821,91704,0,53917
3822,91728,0,53917
3823,91752,0,53917
3824,91776,0,53917
3825,91800,0,53917
3826,91824,0,53917
3827,91848,0,53917
3828,91872,0,53917
3829,91896,0,53917
3830,91920,0,53917
3831,91944,0,53917
3832,91968,0,53917
3833,91992,0,53917
3834,92016,0,53917
3835,92040,0,53917
3836,92064,0,53917
3837,92088,0,53917
3838,92112,0,53917
3839,92136,0,53917
3840,92160,0,53917
3841,92184,0,53917
3842,92208,0,53917
3843,92232,0,53917
3844,92256,0,53917
3845,92280,0,53917
3846,92304,0,53917
3847,92328,0,53917
3848,92352,0,53917
3849,92376,0,53917
3850,92400,0,53917
3851,92424,0,53917
3852,92448,0,53917
3853,92472,0,53917
3854,92496,0,53917
3855,92520,0,53917
3856,92544,0,53917
3857,92568,0,53917
3858,92592,0,53917
3859,92616,0,53917
3860,92640,0,53917
3861,92664,0,53917
3862,92688,0,53917
3863,92712,0,53917
3864,92736,0,53917
3865,92760,0,53917
3866,92784,0,53917
3867,92808,0,53917
3868,92832,0,53917
3869,92856,0,53917
3870,92880,0,53917
3871,92904,0,53917
3872,92928,0,53917
3873,92952,0,53917
3874,92976,0,53917
3875,93000,0,53917
3876,93024,0,53917
3877,93048,0,53917
3878,93072,0,53917
3879,93096,0,53917
3880,93120,0,53917
3881,93144,0,53917
3882,93168,0,53917
3883,93192,0,53917
3884,93216,0,53917
3885,93240,0,53917
3886,93264,0,53917
3887,93288,0,53917
3888,93312,0,53917
3889,93336,0,53917
3890,93360,0,53917
3891,93384,0,53917
3892,93408,0,53917
3893,93432,0,53917
3894,93456,0,53917
3895,93480,0,53917
3896,93504,0,53917
3897,93528,0,53917
3898,93552,0,53917
3899,93576,0,53917
3900,93600,0,53917
3901,93624,0,53917
3902,93648,0,53917
3903,93672,0,53917
3904,93696,0,53917
3905,93720,0,53917
3906,93744,0,53917
3907,93768,0,53917
3908,93792,0,53917
3909,93816,0,53917
3910,93840,0,53917
3911,93864,0,53917
3912,93888,0,53917
3913,93912,0,53917
3914,93936,0,53917
3915,93960,0,53917
3916,93984,0,53917
3917,94008,0,53917
3918,94032,0,53917
3919,94056,0,53917
3920,94080,0,53917
3921,94104,0,53917
3922,94128,0,53917
3923,94152,0,53917
3924,94176,0,53917
3925,94200,0,53917
3926,94224,0,53917
3927,94248,0,53917
3928,94272,0,53917
3929,94296,0,53917
3930,94320,0,53917
3931,94344,0,53917
3932,94368,0,53917
3933,94392,0,53917
3934,94416,0,53917
3935,94440,0,53917
3936,94464,0,53917
3937,94488,0,53917
3938,94512,0,53917
3939,94536,0,53917
3940,94560,0,53917
3941,94584,0,53917
3942,94608,0,53917
3943,94632,0,53917
3944,94656,0,53917
3945,94680,0,53917
3946,94704,0,53917
3947,94728,0,53917
3948,94752,0,53917
3949,94776,0,53917
3950,94800,1,53917
3951,94824,1,53917
3952,94848,0,53917
3953,94872,0,53917
3954,94896,0,53917
3955,94920,0,53917
3956,94944,0,53917
3957,94968,0,53917
3958,94992,0,53917
3959,95016,0,53917
3960,95040,0,53917
3961,95064,0,53917
3962,95088,0,53917
3963,95112,0,53917
3964,95136,0,53917
3965,95160,0,53917
3966,95184,0,53917
3967,95208,0,53917
3968,95232,0,53917
3969,95256,0,53917
3970,95280,0,53917
3971,95304,0,53917
3972,95328,0,53917
3973,95352,0,53917
3974,95376,0,53917
3975,95400,0,53917
3976,95424,0,53917
3977,95448,0,53917
3978,95472,0,53917
3979,95496,1,53917
3980,95520,0,53917
3981,95544,0,53917
3982,95568,0,53917
3983,95592,0,53917
3984,95616,0,53917
3985,95640,0,53917
3986,95664,0,53917
3987,95688,0,53917
3988,95712,0,53917
3989,95736,0,53917
3990,95760,0,53917
3991,95784,0,53917
3992,95808,0,53917
3993,95832,0,53917
3994,95856,0,53917
3995,95880,0,53917
3996,95904,0,53917
3997,95928,0,53917
3998,95952,0,53917
3999,95976,0,53917
4000,96000,0,53917
4001,96024,0,53917
4002,96048,0,53917
4003,96072,0,53917
4004,96096,0,53917
4005,96120,0,53917
4006,96144,0,53917
4007,96168,0,53917
4008,96192,0,53917
4009,96216,0,53917
4010,96240,0,53917
4011,96264,0,53917
4012,96288,0,53917
4013,96312,0,53917
4014,96336,0,53917
4015,96360,0,53917
4016,96384,0,53917
4017,96408,0,53917
4018,96432,0,53917
4019,96456,0,53917
4020,96480,0,53917
4021,96504,0,53917
4022,96528,0,53917
4023,96552,0,53917
4024,96576,0,53917
4025,96600,0,53917
4026,96624,0,53917
4027,96648,0,53917
4028,96672,0,53917
4029,96696,0,53917
4030,96720,0,53917
4031,96744,0,53917
4032,96768,0,53917
4033,96792,0,53917
4034,96816,0,53917
4035,96840,0,53917
4036,96864,0,53917
4037,96888,0,53917
4038,96912,0,53917
4039,96936,0,53917
4040,96960,0,53917
4041,96984,0,53917
4042,97008,0,53917
4043,97032,0,53917
4044,97056,0,53917
4045,97080,0,53917
4046,97104,0,53917
4047,97128,0,53917
4048,97152,0,53917
4049,97176,0,53917
4050,97200,0,53917
4051,97224,0,53917
4052,97248,0,53917
4053,97272,0,53917
4054,97296,0,53917
4055,97320,0,53917
4056,97344,0,53917
4057,97368,0,53917
4058,97392,0,53917
4059,97416,0,53917
4060,97440,0,53917
4061,97464,0,53917
4062,97488,0,53917
4063,97512,0,53917
4064,97536,0,53917
4065,97560,0,53917
4066,97584,0,53917
4067,97608,0,53917
4068,97632,0,53917
4069,97656,0,53917
4070,97680,0,53917
4071,97704,0,53917
4072,97728,0,53917
4073,97752,0,53917
4074,97776,0,53917
4075,97800,0,53917
4076,97824,0,53917
4077,97848,0,53917
4078,97872,0,53917
4079,97896,0,53917
4080,97920,0,53917
4081,97944,0,53917
4082,97968,0,53917
4083,97992,0,53917
4084,98016,0,53917
4085,98040,0,53917
4086,98064,0,53917
4087,98088,0,53917
4088,98112,0,53917
4089,98136,0,53917
4090,98160,0,53917
4091,98184,0,53917
4092,98208,0,53917
4093,98232,0,53917
4094,98256,0,53917
4095,98280,0,53917
4096,98304,0,53917
4097,98328,0,53917
4098,98352,0,53917
4099,98376,0,53917
4100,98400,0,53917
4101,98424,0,53917
4102,98448,0,53917
4103,98472,0,53917
4104,98496,0,53917
4105,98520,0,53917
4106,98544,0,53917
4107,98568,0,53917
4108,98592,0,53917
4109,98616,0,53917
4110,98640,0,53917
4111,98664,0,53917
4112,98688,0,53917
4113,98712,0,53917
4114,98736,0,53917
4115,98760,0,53917
4116,98784,0,53917
4117,98808,0,53917
4118,98832,0,53917
4119,98856,0,53917
4120,98880,0,53917
4121,98904,0,53917
4122,98928,0,53917
4123,98952,0,53917
4124,98976,0,53917
4125,99000,0,53917
4126,99024,0,53917
4127,99048,0,53917
4128,99072,0,53917
4129,99096,0,53917
4130,99120,0,53917
4131,99144,0,53917
4132,99168,0,53917
4133,99192,0,53917
4134,99216,0,53917
4135,99240,0,53917
4136,99264,0,53917
4137,99288,0,53917
4138,99312,0,53917
4139,99336,0,53917
4140,99360,0,53917
4141,99384,0,53917
4142,99408,0,53917
4143,99432,0,53917
4144,99456,0,53917
4145,99480,0,53917
4146,99504,0,53917
4147,99528,0,53917
4148,99552,0,53917
4149,99576,0,53917
4150,99600,0,53917
4151,99624,0,53917
4152,99648,0,53917
4153,99672,0,53917
4154,99696,0,53917
4155,99720,0,53917
4156,99744,0,53917
4157,99768,0,53917
4158,99792,0,53917
4159,99816,0,53917
4160,99840,0,53917
4161,99864,0,53917
4162,99888,0,53917
4163,99912,0,53917
4164,99936,0,53917
4165,99960,0,53917
4166,99984,0,53917
4167,100008,0,53917
4168,100032,0,53917
4169,100056,0,53917
4170,100080,0,53917
4171,100104,0,53917
4172,100128,0,53917
4173,100152,0,53917
4174,100176,0,53917
4175,100200,0,53917
4176,100224,0,53917
4177,100248,0,53917
4178,100272,0,53917
4179,100296,0,53917
4180,100320,0,53917
4181,100344,0,53917
4182,100368,0,53917
4183,100392,0,53917
4184,100416,0,53917
4185,100440,0,53917
4186,100464,0,53917
4187,100488,0,53917
4188,100512,0,53917
4189,100536,0,53917
4190,100560,0,53917
4191,100584,0,53917
4192,100608,0,53917
4193,100632,0,53917
4194,100656,0,53917
4195,100680,0,53917
4196,100704,0,53917
4197,100728,0,53917
4198,100752,0,53917
4199,100776,0,53917
4200,100800,0,53917
4201,100824,0,53917
4202,100848,0,53917
4203,100872,0,53917
4204,100896,0,53917
4205,100920,0,53917
4206,100944,0,53917
4207,100968,0,53917
4208,100992,0,53917
4209,101016,0,53917
4210,101040,0,53917
4211,101064,0,53917
4212,101088,0,53917
4213,101112,0,53917
4214,101136,0,53917
4215,101160,0,53917
4216,101184,0,53917
4217,101208,0,53917
4218,101232,0,53917
4219,101256,0,53917
4220,101280,0,53917
4221,101304,0,53917
4222,101328,0,53917
4223,101352,0,53917
4224,101376,0,53917
4225,101400,0,53917
4226,101424,0,53917
4227,101448,0,53917
4228,101472,0,53917
4229,101496,0,53917
4230,101520,0,53917
4231,101544,0,53917
4232,101568,0,53917
4233,101592,0,53917
4234,101616,0,53917
4235,101640,0,53917
4236,101664,0,53917
4237,101688,0,53917
4238,101712,0,53917
4239,101736,0,53917
4240,101760,0,53917
4241,101784,0,53917
4242,101808,0,53917
4243,101832,0,53917
4244,101856,0,53917
4245,101880,0,53917
4246,101904,0,53917
4247,101928,0,53917
4248,101952,0,53917
4249,101976,0,53917
4250,102000,0,53917
4251,102024,0,53917
4252,102048,0,53917
4253,102072,0,53917
4254,102096,0,53917
4255,102120,0,53917
4256,102144,0,53917
4257,102168,0,53917
4258,102192,0,53917
4259,102216,0,53917
4260,102240,0,53917
4261,102264,0,53917
4262,102288,0,53917
4263,102312,0,53917
4264,102336,0,53917
4265,102360,0,53917
4266,102384,0,53917
4267,102408,0,53917
4268,102432,0,53917
4269,102456,0,53917
4270,102480,0,53917
4271,102504,0,53917
4272,102528,0,53917
4273,102552,0,53917
4274,102576,0,53917
4275,102600,0,53917
4276,102624,0,53917
4277,102648,0,53917
4278,102672,0,53917
4279,102696,0,53917
4280,102720,0,53917
4281,102744,0,53917
4282,102768,0,53917
4283,102792,0,53917
4284,102816,0,53917
4285,102840,0,53917
4286,102864,0,53917
4287,102888,0,53917
4288,102912,0,53917
4289,102936,0,53917
4290,102960,0,53917
4291,102984,0,53917
4292,103008,0,53917
4293,103032,0,53917
4294,103056,0,53917
4295,103080,0,53917
4296,103104,0,53917
4297,103128,0,53917
4298,103152,0,53917
4299,103176,0,53917
4300,103200,0,53917
4301,103224,0,53917
4302,103248,0,53917
4303,103272,0,53917
4304,103296,0,53917
4305,103320,0,53917
4306,103344,0,53917
4307,103368,0,53917
4308,103392,0,53917
4309,103416,0,53917
4310,103440,0,53917
4311,103464,0,53917
4312,103488,0,53917
4313,103512,0,53917
4314,103536,0,53917
4315,103560,0,53917
4316,103584,0,53917
4317,103608,0,53917
4318,103632,0,53917
4319,103656,0,53917
4320,103680,0,53917
4321,103704,0,53917
4322,103728,0,53917
4323,103752,0,53917
4324,103776,1,53917
4325,103800,0,53917
4326,103824,0,53917
4327,103848,0,53917
4328,103872,0,53917
4329,103896,0,53917
4330,103920,0,53917
4331,103944,0,53917
4332,103968,0,53917
4333,103992,0,53917
4334,104016,0,53917
4335,104040,0,53917
4336,104064,0,53917
4337,104088,0,53917
4338,104112,0,53917
4339,104136,0,53917
4340,104160,0,53917
4341,104184,1,53917
4342,104208,1,53917
4343,104232,1,53917
4344,104256,1,53917
4345,104280,1,53917
4346,104304,1,53917
4347,104328,1,53917
4348,104352,1,53917
4349,104376,1,53917
4350,104400,1,53917
4351,104424,1,53917
4352,104448,1,53917
4353,104472,1,53917
4354,104496,1,53917
4355,104520,1,53917
4356,104544,0,53917
4357,104568,0,53917
4358,104592,0,53917
4359,104616,0,53917
4360,104640,0,53917
4361,104664,0,53917
4362,104688,0,53917
4363,104712,0,53917
4364,104736,0,53917
4365,104760,0,53917
4366,104784,0,53917
4367,104808,0,53917
4368,104832,0,53917
4369,104856,0,53917
4370,104880,0,53917
4371,104904,0,53917
4372,104928,0,53917
4373,104952,1,53917
4374,104976,0,53917
4375,105000,0,53917
4376,105024,0,53917
4377,105048,0,53917
4378,105072,0,53917
4379,105096,0,53917
4380,105120,0,53917
4381,105144,0,53917
4382,105168,0,53917
4383,105192,0,53917
4384,105216,0,53917
4385,105240,0,53917
4386,105264,0,53917
4387,105288,0,53917
4388,105312,0,53917
4389,105336,0,53917
4390,105360,0,53917
4391,105384,0,53917
4392,105408,0,53917
4393,105432,0,53917
4394,105456,0,53917
4395,105480,0,53917
4396,105504,0,53917
4397,105528,0,53917
4398,105552,0,53917
4399,105576,0,53917
4400,105600,0,53917
4401,105624,0,53917
4402,105648,0,53917
4403,105672,0,53917
4404,105696,0,53917
4405,105720,0,53917
4406,105744,0,53917
4407,105768,0,53917
4408,105792,0,53917
4409,105816,0,53917
4410,105840,0,53917
4411,105864,0,53917
4412,105888,0,53917
4413,105912,0,53917
4414,105936,0,53917
4415,105960,0,53917
4416,105984,0,53917
4417,106008,0,53917
4418,106032,0,53917
4419,106056,0,53917
4420,106080,0,53917
4421,106104,0,53917
4422,106128,0,53917
4423,106152,0,53917
4424,106176,0,53917
4425,106200,0,53917
4426,106224,0,53917
4427,106248,0,53917
4428,106272,0,53917
4429,106296,0,53917
4430,106320,0,53917
4431,106344,0,53917
4432,106368,0,53917
4433,106392,0,53917
4434,106416,0,53917
4435,106440,0,53917
4436,106464,0,53917
4437,106488,0,53917
4438,106512,0,53917
4439,106536,0,53917
4440,106560,0,53917
4441,106584,0,53917
4442,106608,0,53917
4443,106632,0,53917
4444,106656,0,53917
4445,106680,0,53917
4446,106704,0,53917
4447,106728,0,53917
4448,106752,0,53917
4449,106776,0,53917
4450,106800,0,53917
4451,106824,0,53917
4452,106848,0,53917
4453,106872,0,53917
4454,106896,0,53917
4455,106920,0,53917
4456,106944,0,53917
4457,106968,0,53917
4458,106992,0,53917
4459,107016,0,53917
4460,107040,0,53917
4461,107064,0,53917
4462,107088,0,53917
4463,107112,0,53917
4464,107136,0,53917
4465,107160,0,53917
4466,107184,0,53917
4467,107208,0,53917
4468,107232,0,53917
4469,107256,0,53917
4470,107280,0,53917
4471,107304,0,53917
4472,107328,0,53917
4473,107352,0,53917
4474,107376,0,53917
4475,107400,1,53917
4476,107424,0,53917
4477,107448,0,53917
4478,107472,0,53917
4479,107496,0,53917
4480,107520,0,53917
4481,107544,0,53917
4482,107568,0,53917
4483,107592,1,53917
4484,107616,1,53917
4485,107640,0,53917
4486,107664,0,53917
4487,107688,0,53917
4488,107712,0,53917
4489,107736,0,53917
4490,107760,0,53917
4491,107784,0,53917
4492,107808,0,53917
4493,107832,0,53917
4494,107856,0,53917
4495,107880,0,53917
4496,107904,0,53917
4497,107928,0,53917
4498,107952,0,53917
4499,107976,0,53917
4500,108000,0,53917
4501,108024,0,53917
4502,108048,0,53917
4503,108072,0,53917
4504,108096,0,53917
4505,108120,0,53917
4506,108144,0,53917
4507,108168,0,53917
4508,108192,0,53917
4509,108216,0,53917
4510,108240,0,53917
4511,108264,0,53917
4512,108288,0,53917
4513,108312,0,53917
4514,108336,0,53917
4515,108360,0,53917
4516,108384,0,53917
4517,108408,0,53917
4518,108432,0,53917
4519,108456,0,53917
4520,108480,0,53917
4521,108504,0,53917
4522,108528,0,53917
4523,108552,0,53917
4524,108576,0,53917
4525,108600,0,53917
4526,108624,0,53917
4527,108648,0,53917
4528,108672,0,53917
4529,108696,0,53917
4530,108720,0,53917
4531,108744,0,53917
4532,108768,0,53917
4533,108792,0,53917
4534,108816,0,53917
4535,108840,0,53917
4536,108864,0,53917
4537,108888,0,53917
4538,108912,0,53917
4539,108936,0,53917
4540,108960,0,53917
4541,108984,0,53917
4542,109008,0,53917
4543,109032,0,53917
4544,109056,0,53917
4545,109080,0,53917
4546,109104,0,53917
4547,109128,0,53917
4548,109152,0,53917
4549,109176,0,53917
4550,109200,0,53917
4551,109224,0,53917
4552,109248,0,53917
4553,109272,0,53917
4554,109296,0,53917
4555,109320,0,53917
4556,109344,0,53917
4557,109368,0,53917
4558,109392,0,53917
4559,109416,0,53917
4560,109440,0,53917
4561,109464,0,53917
4562,109488,0,53917
4563,109512,0,53917
4564,109536,0,53917
4565,109560,0,53917
4566,109584,0,53917
4567,109608,0,53917
4568,109632,0,53917
4569,109656,0,53917
4570,109680,0,53917
4571,109704,0,53917
4572,109728,0,53917
4573,109752,0,53917
4574,109776,0,53917
4575,109800,0,53917
4576,109824,0,53917
4577,109848,0,53917
4578,109872,0,53917
4579,109896,0,53917
4580,109920,0,53917
4581,109944,0,53917
4582,109968,0,53917
4583,109992,0,53917
4584,110016,0,53917
4585,110040,0,53917
4586,110064,0,53917
4587,110088,0,53917
4588,110112,0,53917
4589,110136,0,53917
4590,110160,0,53917
4591,110184,0,53917
4592,110208,0,53917
4593,110232,0,53917
4594,110256,0,53917
4595,110280,0,53917
4596,110304,0,53917
4597,110328,0,53917
4598,110352,0,53917
4599,110376,0,53917
4600,110400,0,53917
4601,110424,0,53917
4602,110448,0,53917
4603,110472,0,53917
4604,110496,0,53917
4605,110520,0,53917
4606,110544,0,53917
4607,110568,0,53917
4608,110592,0,53917
4609,110616,0,53917
4610,110640,0,53917
4611,110664,0,53917
4612,110688,0,53917
4613,110712,0,53917
4614,110736,0,53917
4615,110760,0,53917
4616,110784,0,53917
4617,110808,0,53917
4618,110832,0,53917
4619,110856,0,53917
4620,110880,0,53917
4621,110904,0,53917
4622,110928,0,53917
4623,110952,0,53917
4624,110976,0,53917
4625,111000,0,53917
4626,111024,0,53917
4627,111048,0,53917
4628,111072,0,53917
4629,111096,0,53917
4630,111120,0,53917
4631,111144,0,53917
4632,111168,0,53917
4633,111192,0,53917
4634,111216,0,53917
4635,111240,0,53917
4636,111264,0,53917
4637,111288,0,53917
4638,111312,0,53917
4639,111336,0,53917
4640,111360,0,53917
4641,111384,0,53917
4642,111408,0,53917
4643,111432,0,53917
4644,111456,0,53917
4645,111480,0,53917
4646,111504,0,53917
4647,111528,0,53917
4648,111552,0,53917
4649,111576,0,53917
4650,111600,0,53917
4651,111624,0,53917
4652,111648,0,53917
4653,111672,0,53917
4654,111696,0,53917
4655,111720,0,53917
4656,111744,0,53917
4657,111768,0,53917
4658,111792,0,53917
4659,111816,0,53917
4660,111840,0,53917
4661,111864,0,53917
4662,111888,0,53917
4663,111912,0,53917
4664,111936,0,53917
4665,111960,0,53917
4666,111984,0,53917
4667,112008,0,53917
4668,112032,0,53917
4669,112056,0,53917
4670,112080,0,53917
4671,112104,0,53917
4672,112128,0,53917
4673,112152,0,53917
4674,112176,0,53917
4675,112200,0,53917
4676,112224,0,53917
4677,112248,0,53917
4678,112272,0,53917
4679,112296,0,53917
4680,112320,0,53917
4681,112344,0,53917
4682,112368,0,53917
4683,112392,0,53917
4684,112416,0,53917
4685,112440,0,53917
4686,112464,0,53917
4687,112488,0,53917
4688,112512,0,53917
4689,112536,0,53917
4690,112560,0,53917
4691,112584,0,53917
4692,112608,0,53917
4693,112632,0,53917
4694,112656,0,53917
4695,112680,0,53917
4696,112704,0,53917
4697,112728,0,53917
4698,112752,0,53917
4699,112776,0,53917
4700,112800,0,53917
4701,112824,0,53917
4702,112848,0,53917
4703,112872,0,53917
4704,112896,0,53917
4705,112920,0,53917
4706,112944,0,53917
4707,112968,0,53917
4708,112992,0,53917
4709,113016,0,53917
4710,113040,0,53917
4711,113064,0,53917
4712,113088,0,53917
4713,113112,0,53917
4714,113136,0,53917
4715,113160,0,53917
4716,113184,0,53917
4717,113208,0,53917
4718,113232,0,53917
4719,113256,0,53917
4720,113280,0,53917
4721,113304,0,53917
4722,113328,0,53917
4723,113352,0,53917
4724,113376,0,53917
4725,113400,0,53917
4726,113424,0,53917
4727,113448,0,53917
4728,113472,0,53917
4729,113496,0,53917
4730,113520,0,53917
4731,113544,0,53917
4732,113568,0,53917
4733,113592,0,53917
4734,113616,0,53917
4735,113640,0,53917
4736,113664,0,53917
4737,113688,0,53917
4738,113712,0,53917
4739,113736,0,53917
4740,113760,0,53917
4741,113784,0,53917
4742,113808,0,53917
4743,113832,0,53917
4744,113856,0,53917
4745,113880,0,53917
4746,113904,0,53917
4747,113928,0,53917
4748,113952,0,53917
4749,113976,0,53917
4750,114000,0,53917
4751,114024,0,53917
4752,114048,0,53917
4753,114072,0,53917
4754,114096,0,53917
4755,114120,0,53917
4756,114144,0,53917
4757,114168,0,53917
4758,114192,0,53917
4759,114216,0,53917
4760,114240,0,53917
4761,114264,0,53917
4762,114288,0,53917
4763,114312,0,53917
4764,114336,0,53917
4765,114360,0,53917
4766,114384,0,53917
4767,114408,0,53917
4768,114432,0,53917
4769,114456,0,53917
4770,114480,0,53917
4771,114504,0,53917
4772,114528,0,53917
4773,114552,0,53917
4774,114576,0,53917
4775,114600,0,53917
4776,114624,0,53917
4777,114648,0,53917
4778,114672,0,53917
4779,114696,0,53917
4780,114720,0,53917
4781,114744,0,53917
4782,114768,0,53917
4783,114792,0,53917
4784,114816,0,53917
4785,114840,0,53917
4786,114864,0,53917
4787,114888,0,53917
4788,114912,0,53917
4789,114936,0,53917
4790,114960,0,53917
4791,114984,0,53917
4792,115008,0,53917
4793,115032,0,53917
4794,115056,0,53917
4795,115080,0,53917
4796,115104,0,53917
4797,115128,0,53917
4798,115152,0,53917
4799,115176,0,53917
4800,115200,0,53917
4801,115224,0,53917
4802,115248,0,53917
4803,115272,0,53917
4804,115296,0,53917
4805,115320,0,53917
4806,115344,0,53917
4807,115368,0,53917
4808,115392,0,53917
4809,115416,0,53917
4810,115440,0,53917
4811,115464,0,53917
4812,115488,0,53917
4813,115512,0,53917
4814,115536,0,53917
4815,115560,0,53917
4816,115584,0,53917
4817,115608,0,53917
4818,115632,0,53917
4819,115656,0,53917
4820,115680,0,53917
4821,115704,0,53917
4822,115728,0,53917
4823,115752,0,53917
4824,115776,0,53917
4825,115800,0,53917
4826,115824,0,53917
4827,115848,0,53917
4828,115872,0,53917
4829,115896,0,53917
4830,115920,0,53917
4831,115944,0,53917
4832,115968,0,53917
4833,115992,0,53917
4834,116016,0,53917
4835,116040,0,53917
4836,116064,0,53917
4837,116088,0,53917
4838,116112,0,53917
4839,116136,0,53917
4840,116160,0,53917
4841,116184,0,53917
4842,116208,0,53917
4843,116232,0,53917
4844,116256,0,53917
4845,116280,0,53917
4846,116304,0,53917
4847,116328,0,53917
4848,116352,0,53917
4849,116376,0,53917
4850,116400,0,53917
4851,116424,0,53917
4852,116448,0,53917
4853,116472,0,53917
4854,116496,0,53917
4855,116520,0,53917
4856,116544,0,53917
4857,116568,0,53917
4858,116592,0,53917
4859,116616,0,53917
4860,116640,0,53917
4861,116664,0,53917
4862,116688,0,53917
4863,116712,0,53917
4864,116736,0,53917
4865,116760,0,53917
4866,116784,1,53917
4867,116808,0,53917
4868,116832,0,53917
4869,116856,0,53917
4870,116880,0,53917
4871,116904,0,53917
4872,116928,0,53917
4873,116952,0,53917
4874,116976,0,53917
4875,117000,0,53917
4876,117024,0,53917
4877,117048,0,53917
4878,117072,0,53917
4879,117096,0,53917
4880,117120,0,53917
4881,117144,0,53917
4882,117168,0,53917
4883,117192,0,53917
4884,117216,0,53917
4885,117240,0,53917
4886,117264,0,53917
4887,117288,0,53917
4888,117312,0,53917
4889,117336,0,53917
4890,117360,0,53917
4891,117384,0,53917
4892,117408,0,53917
4893,117432,0,53917
4894,117456,0,53917
4895,117480,0,53917
4896,117504,0,53917
4897,117528,0,53917
4898,117552,0,53917
4899,117576,0,53917
4900,117600,0,53917
4901,117624,0,53917
4902,117648,0,53917
4903,117672,0,53917
4904,117696,0,53917
4905,117720,0,53917
4906,117744,0,53917
4907,117768,0,53917
4908,117792,0,53917
4909,117816,0,53917
4910,117840,0,53917
4911,117864,0,53917
4912,117888,0,53917
4913,117912,0,53917
4914,117936,0,53917
4915,117960,0,53917
4916,117984,0,53917
4917,118008,0,53917
4918,118032,0,53917
4919,118056,0,53917
4920,118080,0,53917
4921,118104,0,53917
4922,118128,0,53917
4923,118152,0,53917
4924,118176,0,53917
4925,118200,0,53917
4926,118224,0,53917
4927,118248,0,53917
4928,118272,0,53917
4929,118296,0,53917
4930,118320,0,53917
4931,118344,0,53917
4932,118368,0,53917
4933,118392,0,53917
4934,118416,0,53917
4935,118440,0,53917
4936,118464,0,53917
4937,118488,0,53917
4938,118512,0,53917
4939,118536,0,53917
4940,118560,0,53917
4941,118584,0,53917
4942,118608,0,53917
4943,118632,0,53917
4944,118656,0,53917
4945,118680,0,53917
4946,118704,0,53917
4947,118728,0,53917
4948,118752,0,53917
4949,118776,0,53917
4950,118800,0,53917
4951,118824,0,53917
4952,118848,0,53917
4953,118872,0,53917
4954,118896,0,53917
4955,118920,0,53917
4956,118944,0,53917
4957,118968,0,53917
4958,118992,0,53917
4959,119016,0,53917
4960,119040,0,53917
4961,119064,0,53917
4962,119088,0,53917
4963,119112,0,53917
4964,119136,0,53917
4965,119160,0,53917
4966,119184,0,53917
4967,119208,0,53917
4968,119232,0,53917
4969,119256,0,53917
4970,119280,0,53917
4971,119304,0,53917
4972,119328,0,53917
4973,119352,0,53917
4974,119376,0,53917
4975,119400,0,53917
4976,119424,0,53917
4977,119448,0,53917
4978,119472,0,53917
4979,119496,0,53917
4980,119520,0,53917
4981,119544,0,53917
4982,119568,0,53917
4983,119592,0,53917
4984,119616,0,53917
4985,119640,0,53917
4986,119664,0,53917
4987,119688,0,53917
4988,119712,0,53917
4989,119736,0,53917
4990,119760,0,53917
4991,119784,0,53917
4992,119808,0,53917
4993,119832,0,53917
4994,119856,0,53917
4995,119880,0,53917
4996,119904,0,53917
4997,119928,0,53917
4998,119952,0,53917
4999,119976,0,53917
5000,120000,0,53917
5001,120024,0,53917
5002,120048,0,53917
5003,120072,0,53917
5004,120096,0,53917
5005,120120,0,53917
5006,120144,0,53917
5007,120168,0,53917
5008,120192,0,53917
5009,120216,0,53917
5010,120240,0,53917
5011,120264,0,53917
5012,120288,0,53917
5013,120312,0,53917
5014,120336,0,53917
5015,120360,0,53917
5016,120384,0,53917
5017,120408,0,53917
5018,120432,0,53917
5019,120456,0,53917
5020,120480,0,53917
5021,120504,0,53917
5022,120528,0,53917
5023,120552,0,53917
5024,120576,0,53917
5025,120600,0,53917
5026,120624,0,53917
5027,120648,0,53917
5028,120672,0,53917
5029,120696,0,53917
5030,120720,0,53917
5031,120744,0,53917
5032,120768,0,53917
5033,120792,0,53917
5034,120816,0,53917
5035,120840,0,53917
5036,120864,0,53917
5037,120888,0,53917
5038,120912,0,53917
5039,120936,0,53917
5040,120960,0,53917
5041,120984,0,53917
5042,121008,0,53917
5043,121032,0,53917
5044,121056,0,53917
5045,121080,0,53917
5046,121104,0,53917
5047,121128,0,53917
5048,121152,0,53917
5049,121176,0,53917
5050,121200,0,53917
5051,121224,0,53917
5052,121248,0,53917
5053,121272,0,53917
5054,121296,0,53917
5055,121320,0,53917
5056,121344,0,53917
5057,121368,0,53917
5058,121392,0,53917
5059,121416,0,53917
5060,121440,0,53917
5061,121464,0,53917
5062,121488,0,53917
5063,121512,0,53917
5064,121536,0,53917
5065,121560,0,53917
5066,121584,0,53917
5067,121608,0,53917
5068,121632,0,53917
5069,121656,0,53917
5070,121680,0,53917
5071,121704,0,53917
5072,121728,0,53917
5073,121752,0,53917
5074,121776,0,53917
5075,121800,0,53917
5076,121824,0,53917
5077,121848,0,53917
5078,121872,0,53917
5079,121896,0,53917
5080,121920,0,53917
5081,121944,0,53917
5082,121968,0,53917
5083,121992,0,53917
5084,122016,0,53917
5085,122040,0,53917
5086,122064,0,53917
5087,122088,0,53917
5088,122112,0,53917
5089,122136,0,53917
5090,122160,0,53917
5091,122184,0,53917
5092,122208,0,53917
5093,122232,0,53917
5094,122256,0,53917
5095,122280,0,53917
5096,122304,0,53917
5097,122328,0,53917
5098,122352,0,53917
5099,122376,0,53917
5100,122400,0,53917
5101,122424,0,53917
5102,122448,0,53917
5103,122472,0,53917
5104,122496,0,53917
5105,122520,0,53917
5106,122544,0,53917
5107,122568,0,53917
5108,122592,0,53917
5109,122616,0,53917
5110,122640,0,53917
5111,122664,0,53917
5112,122688,0,53917
5113,122712,0,53917
5114,122736,0,53917
5115,122760,0,53917
5116,122784,0,53917
5117,122808,0,53917
5118,122832,0,53917
5119,122856,0,53917
5120,122880,0,53917
5121,122904,0,53917
5122,122928,0,53917
5123,122952,0,53917
5124,122976,0,53917
5125,123000,0,53917
5126,123024,0,53917
5127,123048,0,53917
5128,123072,0,53917
5129,123096,0,53917
5130,123120,0,53917
5131,123144,0,53917
5132,123168,0,53917
5133,123192,0,53917
5134,123216,0,53917
5135,123240,0,53917
5136,123264,0,53917
5137,123288,0,53917
5138,123312,0,53917
5139,123336,0,53917
5140,123360,0,53917
5141,123384,0,53917
5142,123408,0,53917
5143,123432,0,53917
5144,123456,0,53917
5145,123480,0,53917
5146,123504,0,53917
5147,123528,0,53917
5148,123552,0,53917
5149,123576,0,53917
5150,123600,0,53917
5151,123624,0,53917
5152,123648,0,53917
5153,123672,0,53917
5154,123696,0,53917
5155,123720,0,53917
5156,123744,0,53917
5157,123768,0,53917
5158,123792,0,53917
5159,123816,0,53917
5160,123840,0,53917
5161,123864,0,53917
5162,123888,0,53917
5163,123912,0,53917
5164,123936,0,53917
5165,123960,0,53917
5166,123984,0,53917
5167,124008,0,53917
5168,124032,0,53917
5169,124056,0,53917
5170,124080,0,53917
5171,124104,0,53917
5172,124128,0,53917
5173,124152,0,53917
5174,124176,0,53917
5175,124200,0,53917
5176,124224,0,53917
5177,124248,0,53917
5178,124272,0,53917
5179,124296,0,53917
5180,124320,0,53917
5181,124344,0,53917
5182,124368,0,53917
5183,124392,0,53917
5184,124416,0,53917
5185,124440,0,53917
5186,124464,0,53917
5187,124488,0,53917
5188,124512,0,53917
5189,124536,0,53917
5190,124560,0,53917
5191,124584,0,53917
5192,124608,0,53917
5193,124632,0,53917
5194,124656,0,53917
5195,124680,0,53917
5196,124704,0,53917
5197,124728,0,53917
5198,124752,0,53917
5199,124776,0,53917
5200,124800,0,53917
5201,124824,0,53917
5202,124848,0,53917
5203,124872,0,53917
5204,124896,0,53917
5205,124920,0,53917
5206,124944,0,53917
5207,124968,0,53917
5208,124992,0,53917
5209,125016,0,53917
5210,125040,0,53917
5211,125064,0,53917
5212,125088,0,53917
5213,125112,0,53917
5214,125136,0,53917
5215,125160,0,53917
5216,125184,0,53917
5217,125208,0,53917
5218,125232,0,53917
5219,125256,0,53917
5220,125280,0,53917
5221,125304,0,53917
5222,125328,0,53917
5223,125352,0,53917
5224,125376,0,53917
5225,125400,0,53917
5226,125424,0,53917
5227,125448,0,53917
5228,125472,0,53917
5229,125496,0,53917
5230,125520,0,53917
5231,125544,0,53917
5232,125568,0,53917
5233,125592,0,53917
5234,125616,0,53917
5235,125640,0,53917
5236,125664,0,53917
5237,125688,0,53917
5238,125712,0,53917
5239,125736,0,53917
5240,125760,0,53917
5241,125784,0,53917
5242,125808,0,53917
5243,125832,0,53917
5244,125856,0,53917
5245,125880,0,53917
5246,125904,0,53917
5247,125928,0,53917
5248,125952,0,53917
5249,125976,0,53917
5250,126000,0,53917
5251,126024,0,53917
5252,126048,0,53917
5253,126072,0,53917
5254,126096,0,53917
5255,126120,0,53917
5256,126144,0,53917
5257,126168,0,53917
5258,126192,0,53917
5259,126216,0,53917
5260,126240,0,53917
5261,126264,0,53917
5262,126288,0,53917
5263,126312,0,53917
5264,126336,0,53917
5265,126360,0,53917
5266,126384,0,53917
5267,126408,0,53917
5268,126432,0,53917
5269,126456,0,53917
5270,126480,0,53917
5271,126504,0,53917
5272,126528,0,53917
5273,126552,0,53917
5274,126576,0,53917
5275,126600,0,53917
5276,126624,0,53917
5277,126648,0,53917
5278,126672,0,53917
5279,126696,0,53917
5280,126720,0,53917
5281,126744,0,53917
5282,126768,0,53917
5283,126792,0,53917
5284,126816,0,53917
5285,126840,0,53917
5286,126864,0,53917
5287,126888,0,53917
5288,126912,0,53917
5289,126936,0,53917
5290,126960,0,53917
5291,126984,0,53917
5292,127008,0,53917
5293,127032,0,53917
5294,127056,0,53917
5295,127080,0,53917
5296,127104,0,53917
5297,127128,0,53917
5298,127152,0,53917
5299,127176,0,53917
5300,127200,0,53917
5301,127224,0,53917
5302,127248,0,53917
5303,127272,0,53917
5304,127296,0,53917
5305,127320,0,53917
5306,127344,0,53917
5307,127368,0,53917
5308,127392,0,53917
5309,127416,0,53917
5310,127440,0,53917
5311,127464,0,53917
5312,127488,0,53917
5313,127512,0,53917
5314,127536,0,53917
5315,127560,0,53917
5316,127584,0,53917
5317,127608,0,53917
5318,127632,0,53917
5319,127656,0,53917
5320,127680,0,53917
5321,127704,0,53917
5322,127728,0,53917
5323,127752,0,53917
5324,127776,0,53917
5325,127800,0,53917
5326,127824,0,53917
5327,127848,0,53917
5328,127872,0,53917
5329,127896,0,53917
5330,127920,0,53917
5331,127944,0,53917
5332,127968,0,53917
5333,127992,0,53917
5334,128016,0,53917
5335,128040,0,53917
5336,128064,0,53917
5337,128088,0,53917
5338,128112,0,53917
5339,128136,0,53917
5340,128160,0,53917
5341,128184,0,53917
5342,128208,0,53917
5343,128232,0,53917
5344,128256,0,53917
5345,128280,0,53917
5346,128304,0,53917
5347,128328,0,53917
5348,128352,0,53917
5349,128376,0,53917
5350,128400,0,53917
5351,128424,0,53917
5352,128448,0,53917
5353,128472,0,53917
5354,128496,0,53917
5355,128520,0,53917
5356,128544,0,53917
5357,128568,0,53917
5358,128592,0,53917
5359,128616,0,53917
5360,128640,0,53917
5361,128664,0,53917
5362,128688,0,53917
5363,128712,0,53917
5364,128736,0,53917
5365,128760,0,53917
5366,128784,0,53917
5367,128808,0,53917
5368,128832,0,53917
5369,128856,0,53917
5370,128880,0,53917
5371,128904,0,53917
5372,128928,0,53917
5373,128952,0,53917
5374,128976,0,53917
5375,129000,0,53917
5376,129024,0,53917
5377,129048,0,53917
5378,129072,0,53917
5379,129096,0,53917
5380,129120,0,53917
5381,129144,0,53917
5382,129168,0,53917
5383,129192,0,53917
5384,129216,0,53917
5385,129240,0,53917
5386,129264,0,53917
5387,129288,0,53917
5388,129312,0,53917
5389,129336,0,53917
5390,129360,0,53917
5391,129384,0,53917
5392,129408,0,53917
5393,129432,0,53917
5394,129456,0,53917
5395,129480,0,53917
5396,129504,0,53917
5397,129528,0,53917
5398,129552,0,53917
5399,129576,0,53917
5400,129600,0,53917
5401,129624,0,53917
5402,129648,0,53917
5403,129672,0,53917
5404,129696,0,53917
5405,129720,0,53917
5406,129744,0,53917
5407,129768,0,53917
5408,129792,0,53917
5409,129816,0,53917
5410,129840,0,53917
5411,129864,0,53917
5412,129888,0,53917
5413,129912,0,53917
5414,129936,0,53917
5415,129960,0,53917
5416,129984,0,53917
5417,130008,0,53917
5418,130032,0,53917
5419,130056,0,53917
5420,130080,0,53917
5421,130104,0,53917
5422,130128,0,53917
5423,130152,0,53917
5424,130176,0,53917
5425,130200,0,53917
5426,130224,0,53917
5427,130248,0,53917
5428,130272,0,53917
5429,130296,0,53917
5430,130320,0,53917
5431,130344,0,53917
5432,130368,0,53917
5433,130392,0,53917
5434,130416,0,53917
5435,130440,0,53917
5436,130464,0,53917
5437,130488,0,53917
5438,130512,0,53917
5439,130536,0,53917
5440,130560,0,53917
5441,130584,0,53917
5442,130608,0,53917
5443,130632,0,53917
5444,130656,0,53917
5445,130680,0,53917
5446,130704,0,53917
5447,130728,0,53917
5448,130752,0,53917
5449,130776,0,53917
5450,130800,0,53917
5451,130824,0,53917
5452,130848,0,53917
5453,130872,0,53917
5454,130896,0,53917
5455,130920,0,53917
5456,130944,0,53917
5457,130968,0,53917
5458,130992,0,53917
5459,131016,0,53917
5460,131040,0,53917
5461,131064,0,53917
5462,131088,0,53917
5463,131112,0,53917
5464,131136,0,53917
5465,131160,0,53917
5466,131184,0,53917
5467,131208,0,53917
5468,131232,0,53917
5469,131256,0,53917
5470,131280,0,53917
5471,131304,0,53917
5472,131328,0,53917
5473,131352,0,53917
5474,131376,0,53917
5475,131400,0,53917
5476,131424,0,53917
5477,131448,0,53917
5478,131472,0,53917
5479,131496,0,53917
5480,131520,0,53917
5481,131544,0,53917
5482,131568,0,53917
5483,131592,0,53917
5484,131616,0,53917
5485,131640,0,53917
5486,131664,0,53917
5487,131688,0,53917
5488,131712,0,53917
5489,131736,0,53917
5490,131760,0,53917
5491,131784,0,53917
5492,131808,0,53917
5493,131832,0,53917
5494,131856,0,53917
5495,131880,0,53917
5496,131904,0,53917
5497,131928,0,53917
5498,131952,0,53917
5499,131976,0,53917
5500,132000,0,53917
5501,132024,0,53917
5502,132048,0,53917
5503,132072,0,53917
5504,132096,0,53917
5505,132120,0,53917
5506,132144,0,53917
5507,132168,0,53917
5508,132192,0,53917
5509,132216,0,53917
5510,132240,0,53917
5511,132264,0,53917
5512,132288,0,53917
5513,132312,0,53917
5514,132336,0,53917
5515,132360,0,53917
5516,132384,0,53917
5517,132408,0,53917
5518,132432,0,53917
5519,132456,0,53917
5520,132480,0,53917
5521,132504,0,53917
5522,132528,0,53917
5523,132552,0,53917
5524,132576,0,53917
5525,132600,0,53917
5526,132624,0,53917
5527,132648,0,53917
5528,132672,0,53917
5529,132696,0,53917
5530,132720,0,53917
5531,132744,0,53917
5532,132768,0,53917
5533,132792,0,53917
5534,132816,0,53917
5535,132840,0,53917
5536,132864,0,53917
5537,132888,0,53917
5538,132912,0,53917
5539,132936,0,53917
5540,132960,0,53917
5541,132984,0,53917
5542,133008,0,53917
5543,133032,0,53917
5544,133056,0,53917
5545,133080,0,53917
5546,133104,0,53917
5547,133128,0,53917
5548,133152,0,53917
5549,133176,0,53917
5550,133200,0,53917
5551,133224,0,53917
5552,133248,0,53917
5553,133272,0,53917
5554,133296,0,53917
5555,133320,0,53917
5556,133344,0,53917
5557,133368,0,53917
5558,133392,0,53917
5559,133416,0,53917
5560,133440,0,53917
5561,133464,0,53917
5562,133488,0,53917
5563,133512,0,53917
5564,133536,0,53917
5565,133560,0,53917
5566,133584,0,53917
5567,133608,0,53917
5568,133632,0,53917
5569,133656,0,53917
5570,133680,0,53917
5571,133704,0,53917
5572,133728,0,53917
5573,133752,0,53917
5574,133776,0,53917
5575,133800,0,53917
5576,133824,0,53917
5577,133848,0,53917
5578,133872,0,53917
5579,133896,0,53917
5580,133920,0,53917
5581,133944,0,53917
5582,133968,0,53917
5583,133992,0,53917
5584,134016,0,53917
5585,134040,0,53917
5586,134064,0,53917
5587,134088,0,53917
5588,134112,0,53917
5589,134136,0,53917
5590,134160,0,53917
5591,134184,0,53917
5592,134208,0,53917
5593,134232,0,53917
5594,134256,0,53917
5595,134280,0,53917
5596,134304,0,53917
5597,134328,0,53917
5598,134352,0,53917
5599,134376,0,53917
5600,134400,0,53917
5601,134424,0,53917
5602,134448,0,53917
5603,134472,0,53917
5604,134496,0,53917
5605,134520,0,53917
5606,134544,0,53917
5607,134568,0,53917
5608,134592,0,53917
5609,134616,0,53917
5610,134640,0,53917
5611,134664,0,53917
5612,134688,0,53917
5613,134712,0,53917
5614,134736,0,53917
5615,134760,0,53917
5616,134784,0,53917
5617,134808,0,53917
5618,134832,0,53917
5619,134856,0,53917
5620,134880,0,53917
5621,134904,0,53917
5622,134928,0,53917
5623,134952,0,53917
5624,134976,0,53917
5625,135000,0,53917
5626,135024,0,53917
5627,135048,0,53917
5628,135072,0,53917
5629,135096,0,53917
5630,135120,0,53917
5631,135144,0,53917
5632,135168,0,53917
5633,135192,0,53917
5634,135216,0,53917
5635,135240,0,53917
5636,135264,0,53917
5637,135288,0,53917
5638,135312,0,53917
5639,135336,0,53917
5640,135360,0,53917
5641,135384,0,53917
5642,135408,0,53917
5643,135432,0,53917
5644,135456,0,53917
5645,135480,0,53917
5646,135504,0,53917
5647,135528,0,53917
5648,135552,0,53917
5649,135576,0,53917
5650,135600,0,53917
5651,135624,0,53917
5652,135648,0,53917
5653,135672,0,53917
5654,135696,0,53917
5655,135720,0,53917
5656,135744,0,53917
5657,135768,0,53917
5658,135792,0,53917
5659,135816,0,53917
5660,135840,0,53917
5661,135864,0,53917
5662,135888,0,53917
5663,135912,0,53917
5664,135936,0,53917
5665,135960,0,53917
5666,135984,0,53917
5667,136008,0,53917
5668,136032,0,53917
5669,136056,0,53917
5670,136080,0,53917
5671,136104,0,53917
5672,136128,0,53917
5673,136152,0,53917
5674,136176,0,53917
5675,136200,0,53917
5676,136224,0,53917
5677,136248,0,53917
5678,136272,0,53917
5679,136296,0,53917
5680,136320,0,53917
5681,136344,0,53917
5682,136368,0,53917
5683,136392,0,53917
5684,136416,0,53917
5685,136440,0,53917
5686,136464,0,53917
5687,136488,0,53917
5688,136512,0,53917
5689,136536,0,53917
5690,136560,0,53917
5691,136584,0,53917
5692,136608,0,53917
5693,136632,0,53917
5694,136656,0,53917
5695,136680,0,53917
5696,136704,0,53917
5697,136728,0,53917
5698,136752,0,53917
5699,136776,0,53917
5700,136800,0,53917
5701,136824,0,53917
5702,136848,0,53917
5703,136872,0,53917
5704,136896,0,53917
5705,136920,0,53917
5706,136944,0,53917
5707,136968,0,53917
5708,136992,0,53917
5709,137016,0,53917
5710,137040,0,53917
5711,137064,0,53917
5712,137088,0,53917
5713,137112,0,53917
5714,137136,0,53917
5715,137160,0,53917
5716,137184,0,53917
5717,137208,0,53917
5718,137232,0,53917
5719,137256,0,53917
5720,137280,0,53917
5721,137304,0,53917
5722,137328,0,53917
5723,137352,0,53917
5724,137376,0,53917
5725,137400,0,53917
5726,137424,0,53917
5727,137448,0,53917
5728,137472,0,53917
5729,137496,0,53917
5730,137520,0,53917
5731,137544,0,53917
5732,137568,0,53917
5733,137592,0,53917
5734,137616,0,53917
5735,137640,1,53917
5736,137664,0,53917
5737,137688,0,53917
5738,137712,0,53917
5739,137736,0,53917
5740,137760,0,53917
5741,137784,0,53917
5742,137808,0,53917
5743,137832,0,53917
5744,137856,0,53917
5745,137880,0,53917
5746,137904,0,53917
5747,137928,0,53917
5748,137952,0,53917
5749,137976,0,53917
5750,138000,0,53917
5751,138024,0,53917
5752,138048,0,53917
5753,138072,1,53917
5754,138096,0,53917
5755,138120,0,53917
5756,138144,0,53917
5757,138168,0,53917
5758,138192,0,53917
5759,138216,0,53917
5760,138240,0,53917
5761,138264,0,53917
5762,138288,0,53917
5763,138312,0,53917
5764,138336,0,53917
5765,138360,0,53917
5766,138384,0,53917
5767,138408,0,53917
5768,138432,0,53917
5769,138456,0,53917
5770,138480,0,53917
5771,138504,0,53917
5772,138528,0,53917
5773,138552,0,53917
5774,138576,0,53917
5775,138600,0,53917
5776,138624,0,53917
5777,138648,0,53917
5778,138672,0,53917
5779,138696,1,53917
5780,138720,1,53917
5781,138744,1,53917
5782,138768,1,53917
5783,138792,1,53917
5784,138816,0,53917
5785,138840,0,53917
5786,138864,1,53917
5787,138888,1,53917
5788,138912,1,53917
5789,138936,1,53917
5790,138960,0,53917
5791,138984,0,53917
5792,139008,0,53917
5793,139032,1,53917
5794,139056,1,53917
5795,139080,1,53917
5796,139104,1,53917
5797,139128,1,53917
5798,139152,1,53917
5799,139176,1,53917
5800,139200,1,53917
5801,139224,1,53917
5802,139248,0,53917
5803,139272,0,53917
5804,139296,0,53917
5805,139320,0,53917
5806,139344,0,53917
5807,139368,0,53917
5808,139392,0,53917
5809,139416,0,53917
5810,139440,0,53917
5811,139464,0,53917
5812,139488,0,53917
5813,139512,0,53917
5814,139536,0,53917
5815,139560,1,53917
5816,139584,1,53917
5817,139608,1,53917
5818,139632,1,53917
5819,139656,1,53917
5820,139680,1,53917
5821,139704,1,53917
5822,139728,1,53917
5823,139752,0,53917
5824,139776,0,53917
5825,139800,1,53917
5826,139824,0,53917
5827,139848,0,53917
5828,139872,0,53917
5829,139896,0,53917
5830,139920,1,53917
5831,139944,0,53917
5832,139968,0,53917
5833,139992,0,53917
5834,140016,0,53917
5835,140040,0,53917
5836,140064,0,53917
5837,140088,0,53917
5838,140112,0,53917
5839,140136,0,53917
5840,140160,0,53917
5841,140184,1,53917
5842,140208,1,53917
5843,140232,1,53917
5844,140256,0,53917
5845,140280,0,53917
5846,140304,0,53917
5847,140328,0,53917
5848,140352,1,53917
5849,140376,1,53917
5850,140400,0,53917
5851,140424,0,53917
5852,140448,0,53917
5853,140472,0,53917
5854,140496,0,53917
5855,140520,0,53917
5856,140544,0,53917
5857,140568,0,53917
5858,140592,0,53917
5859,140616,0,53917
5860,140640,0,53917
5861,140664,0,53917
5862,140688,0,53917
5863,140712,0,53917
5864,140736,0,53917
5865,140760,0,53917
5866,140784,0,53917
5867,140808,0,53917
5868,140832,0,53917
5869,140856,0,53917
5870,140880,0,53917
5871,140904,0,53917
5872,140928,1,53917
5873,140952,1,53917
5874,140976,0,53917
5875,141000,0,53917
5876,141024,0,53917
5877,141048,0,53917
5878,141072,0,53917
5879,141096,0,53917
5880,141120,0,53917
5881,141144,0,53917
5882,141168,0,53917
5883,141192,0,53917
5884,141216,0,53917
5885,141240,0,53917
5886,141264,0,53917
5887,141288,0,53917
5888,141312,0,53917
5889,141336,0,53917
5890,141360,0,53917
5891,141384,0,53917
5892,141408,0,53917
5893,141432,0,53917
5894,141456,0,53917
5895,141480,0,53917
5896,141504,0,53917
5897,141528,0,53917
5898,141552,0,53917
5899,141576,0,53917
5900,141600,0,53917
5901,141624,1,53917
5902,141648,0,53917
5903,141672,0,53917
5904,141696,0,53917
5905,141720,0,53917
5906,141744,0,53917
5907,141768,0,53917
5908,141792,0,53917
5909,141816,0,53917
5910,141840,0,53917
5911,141864,0,53917
5912,141888,0,53917
5913,141912,1,53917
5914,141936,1,53917
5915,141960,1,53917
5916,141984,1,53917
5917,142008,1,53917
5918,142032,1,53917
5919,142056,1,53917
5920,142080,1,53917
5921,142104,1,53917
5922,142128,0,53917
5923,142152,0,53917
5924,142176,0,53917
5925,142200,0,53917
5926,142224,1,53917
5927,142248,1,53917
5928,142272,0,53917
5929,142296,0,53917
5930,142320,0,53917
5931,142344,0,53917
5932,142368,0,53917
5933,142392,0,53917
5934,142416,0,53917
5935,142440,0,53917
5936,142464,0,53917
5937,142488,0,53917
5938,142512,0,53917
5939,142536,0,53917
5940,142560,0,53917
5941,142584,0,53917
5942,142608,0,53917
5943,142632,0,53917
5944,142656,0,53917
5945,142680,0,53917
5946,142704,0,53917
5947,142728,0,53917
5948,142752,0,53917
5949,142776,0,53917
5950,142800,0,53917
5951,142824,0,53917
5952,142848,0,53917
5953,142872,0,53917
5954,142896,0,53917
5955,142920,0,53917
5956,142944,0,53917
5957,142968,0,53917
5958,142992,0,53917
5959,143016,0,53917
5960,143040,0,53917
5961,143064,0,53917
5962,143088,0,53917
5963,143112,0,53917
5964,143136,0,53917
5965,143160,0,53917
5966,143184,0,53917
5967,143208,0,53917
5968,143232,0,53917
5969,143256,0,53917
5970,143280,0,53917
5971,143304,0,53917
5972,143328,0,53917
5973,143352,0,53917
5974,143376,0,53917
5975,143400,0,53917
5976,143424,0,53917
5977,143448,0,53917
5978,143472,0,53917
5979,143496,0,53917
5980,143520,0,53917
5981,143544,0,53917
5982,143568,1,53917
5983,143592,1,53917
5984,143616,1,53917
5985,143640,1,53917
5986,143664,1,53917
5987,143688,1,53917
5988,143712,1,53917
5989,143736,1,53917
5990,143760,1,53917
5991,143784,1,53917
5992,143808,1,53917
5993,143832,1,53917
5994,143856,1,53917
5995,143880,1,53917
5996,143904,1,53917
5997,143928,1,53917
5998,143952,0,53917
5999,143976,1,53917
6000,144000,1,53917
6001,144024,1,53917
6002,144048,1,53917
6003,144072,1,53917
6004,144096,1,53917
6005,144120,1,53917
6006,144144,1,53917
6007,144168,1,53917
6008,144192,1,53917
6009,144216,1,53917
6010,144240,1,53917
6011,144264,0,53917
6012,144288,1,53917
6013,144312,1,53917
6014,144336,1,53917
6015,144360,0,53917
6016,144384,1,53917
6017,144408,1,53917
6018,144432,1,53917
6019,144456,1,53917
6020,144480,1,53917
6021,144504,1,53917
6022,144528,1,53917
6023,144552,1,53917
6024,144576,1,53917
6025,144600,1,53917
6026,144624,1,53917
6027,144648,1,53917
6028,144672,1,53917
6029,144696,1,53917
6030,144720,1,53917
6031,144744,1,53917
6032,144768,1,53917
6033,144792,1,53917
6034,144816,1,53917
6035,144840,1,53917
6036,144864,1,53917
6037,144888,1,53917
6038,144912,1,53917
6039,144936,0,53917
6040,144960,0,53917
6041,144984,0,53917
6042,145008,0,53917
6043,145032,0,53917
6044,145056,0,53917
6045,145080,0,53917
6046,145104,0,53917
6047,145128,0,53917
6048,145152,0,53917
6049,145176,1,53917
6050,145200,0,53917
6051,145224,1,53917
6052,145248,0,53917
6053,145272,0,53917
6054,145296,0,53917
6055,145320,0,53917
6056,145344,0,53917
6057,145368,0,53917
6058,145392,0,53917
6059,145416,0,53917
6060,145440,0,53917
6061,145464,0,53917
6062,145488,0,53917
6063,145512,0,53917
6064,145536,0,53917
6065,145560,0,53917
6066,145584,0,53917
6067,145608,0,53917
6068,145632,0,53917
6069,145656,1,53917
6070,145680,0,53917
6071,145704,0,53917
6072,145728,1,53917
6073,145752,0,53917
6074,145776,0,53917
6075,145800,0,53917
6076,145824,0,53917
6077,145848,0,53917
6078,145872,1,53917
6079,145896,1,53917
6080,145920,1,53917
6081,145944,1,53917
6082,145968,1,53917
6083,145992,1,53917
6084,146016,1,53917
6085,146040,1,53917
6086,146064,0,53917
6087,146088,0,53917
6088,146112,0,53917
6089,146136,0,53917
6090,146160,0,53917
6091,146184,0,53917
6092,146208,0,53917
6093,146232,0,53917
6094,146256,0,53917
6095,146280,0,53917
6096,146304,0,53917
6097,146328,0,53917
6098,146352,0,53917
6099,146376,0,53917
6100,146400,0,53917
6101,146424,0,53917
6102,146448,0,53917
6103,146472,0,53917
6104,146496,0,53917
6105,146520,0,53917
6106,146544,0,53917
6107,146568,0,53917
6108,146592,0,53917
6109,146616,0,53917
6110,146640,0,53917
6111,146664,1,53917
6112,146688,1,53917
6113,146712,1,53917
6114,146736,1,53917
6115,146760,1,53917
6116,146784,0,53917
6117,146808,0,53917
6118,146832,0,53917
6119,146856,0,53917
6120,146880,0,53917
6121,146904,0,53917
6122,146928,0,53917
6123,146952,1,53917
6124,146976,0,53917
6125,147000,0,53917
6126,147024,0,53917
6127,147048,0,53917
6128,147072,0,53917
6129,147096,0,53917
6130,147120,0,53917
6131,147144,0,53917
6132,147168,0,53917
6133,147192,0,53917
6134,147216,0,53917
6135,147240,0,53917
6136,147264,1,53917
6137,147288,0,53917
6138,147312,0,53917
6139,147336,0,53917
6140,147360,0,53917
6141,147384,0,53917
6142,147408,0,53917
6143,147432,0,53917
6144,147456,0,53917
6145,147480,0,53917
6146,147504,0,53917
6147,147528,0,53917
6148,147552,0,53917
6149,147576,0,53917
6150,147600,0,53917
6151,147624,0,53917
6152,147648,0,53917
6153,147672,0,53917
6154,147696,0,53917
6155,147720,0,53917
6156,147744,0,53917
6157,147768,0,53917
6158,147792,0,53917
6159,147816,0,53917
6160,147840,0,53917
6161,147864,0,53917
6162,147888,1,53917
6163,147912,1,53917
6164,147936,1,53917
6165,147960,1,53917
6166,147984,1,53917
6167,148008,1,53917
6168,148032,1,53917
6169,148056,1,53917
6170,148080,0,53917
6171,148104,0,53917
6172,148128,0,53917
6173,148152,0,53917
6174,148176,0,53917
6175,148200,1,53917
6176,148224,1,53917
6177,148248,1,53917
6178,148272,1,53917
6179,148296,1,53917
6180,148320,1,53917
6181,148344,1,53917
6182,148368,1,53917
6183,148392,1,53917
6184,148416,1,53917
6185,148440,1,53917
6186,148464,1,53917
6187,148488,1,53917
6188,148512,1,53917
6189,148536,1,53917
6190,148560,1,53917
6191,148584,1,53917
6192,148608,1,53917
6193,148632,1,53917
6194,148656,1,53917
6195,148680,1,53917
6196,148704,1,53917
6197,148728,1,53917
6198,148752,1,53917
6199,148776,1,53917
6200,148800,1,53917
6201,148824,1,53917
6202,148848,1,53917
6203,148872,1,53917
6204,148896,1,53917
6205,148920,1,53917
6206,148944,1,53917
6207,148968,1,53917
6208,148992,1,53917
6209,149016,1,53917
6210,149040,1,53917
6211,149064,1,53917
6212,149088,1,53917
6213,149112,1,53917
6214,149136,1,53917
6215,149160,1,53917
6216,149184,1,53917
6217,149208,1,53917
6218,149232,1,53917
6219,149256,1,53917
6220,149280,1,53917
6221,149304,1,53917
6222,149328,1,53917
6223,149352,1,53917
6224,149376,1,53917
6225,149400,1,53917
6226,149424,1,53917
6227,149448,1,53917
6228,149472,1,53917
6229,149496,1,53917
6230,149520,1,53917
6231,149544,1,53917
6232,149568,1,53917
6233,149592,1,53917
6234,149616,1,53917
6235,149640,1,53917
6236,149664,1,53917
6237,149688,1,53917
6238,149712,1,53917
6239,149736,1,53917
6240,149760,1,53917
6241,149784,1,53917
6242,149808,1,53917
6243,149832,1,53917
6244,149856,1,53917
6245,149880,1,53917
6246,149904,1,53917
6247,149928,1,53917
6248,149952,1,53917
6249,149976,1,53917
6250,150000,1,53917
6251,150024,1,53917
6252,150048,1,53917
6253,150072,1,53917
6254,150096,1,53917
6255,150120,1,53917
6256,150144,1,53917
6257,150168,1,53917
6258,150192,1,53917
6259,150216,1,53917
6260,150240,1,53917
6261,150264,1,53917
6262,150288,1,53917
6263,150312,1,53917
6264,150336,1,53917
6265,150360,1,53917
6266,150384,1,53917
6267,150408,1,53917
6268,150432,1,53917
6269,150456,1,53917
6270,150480,1,53917
6271,150504,1,53917
6272,150528,1,53917
6273,150552,1,53917
6274,150576,1,53917
6275,150600,1,53917
6276,150624,1,53917
6277,150648,1,53917
6278,150672,1,53917
6279,150696,1,53917
6280,150720,1,53917
6281,150744,1,53917
6282,150768,1,53917
6283,150792,1,53917
6284,150816,1,53917
6285,150840,1,53917
6286,150864,1,53917
6287,150888,1,53917
6288,150912,1,53917
6289,150936,1,53917
6290,150960,1,53917
6291,150984,1,53917
6292,151008,1,53917
6293,151032,1,53917
6294,151056,1,53917
6295,151080,1,53917
6296,151104,1,53917
6297,151128,1,53917
6298,151152,1,53917
6299,151176,1,53917
6300,151200,1,53917
6301,151224,1,53917
6302,151248,1,53917
6303,151272,1,53917
6304,151296,1,53917
6305,151320,1,53917
6306,151344,1,53917
6307,151368,1,53917
6308,151392,1,53917
6309,151416,1,53917
6310,151440,1,53917
6311,151464,1,53917
6312,151488,1,53917
6313,151512,1,53917
6314,151536,1,53917
6315,151560,1,53917
6316,151584,1,53917
6317,151608,1,53917
6318,151632,1,53917
6319,151656,1,53917
6320,151680,1,53917
6321,151704,1,53917
6322,151728,1,53917
6323,151752,1,53917
6324,151776,1,53917
6325,151800,1,53917
6326,151824,1,53917
6327,151848,1,53917
6328,151872,1,53917
6329,151896,1,53917
6330,151920,1,53917
6331,151944,1,53917
6332,151968,1,53917
6333,151992,1,53917
6334,152016,1,53917
6335,152040,1,53917
6336,152064,1,53917
6337,152088,1,53917
6338,152112,1,53917
6339,152136,1,53917
6340,152160,1,53917
6341,152184,1,53917
6342,152208,1,53917
6343,152232,1,53917
6344,152256,1,53917
6345,152280,1,53917
6346,152304,1,53917
6347,152328,1,53917
6348,152352,1,53917
6349,152376,1,53917
6350,152400,1,53917
6351,152424,1,53917
6352,152448,1,53917
6353,152472,1,53917
6354,152496,1,53917
6355,152520,1,53917
6356,152544,1,53917
6357,152568,1,53917
6358,152592,0,53917
6359,152616,0,53917
6360,152640,0,53917
6361,152664,0,53917
6362,152688,0,53917
6363,152712,0,53917
6364,152736,0,53917
6365,152760,0,53917
6366,152784,0,53917
6367,152808,0,53917
6368,152832,0,53917
6369,152856,0,53917
6370,152880,0,53917
6371,152904,0,53917
6372,152928,0,53917
6373,152952,0,53917
6374,152976,0,53917
6375,153000,0,53917
6376,153024,0,53917
6377,153048,0,53917
6378,153072,0,53917
6379,153096,0,53917
6380,153120,0,53917
6381,153144,0,53917
6382,153168,0,53917
6383,153192,0,53917
6384,153216,0,53917
6385,153240,0,53917
6386,153264,0,53917
6387,153288,0,53917
6388,153312,0,53917
6389,153336,0,53917
6390,153360,0,53917
6391,153384,0,53917
6392,153408,0,53917
6393,153432,0,53917
6394,153456,0,53917
6395,153480,0,53917
6396,153504,0,53917
6397,153528,0,53917
6398,153552,0,53917
6399,153576,0,53917
6400,153600,0,53917
6401,153624,0,53917
6402,153648,0,53917
6403,153672,0,53917
6404,153696,0,53917
6405,153720,0,53917
6406,153744,0,53917
6407,153768,0,53917
6408,153792,0,53917
6409,153816,0,53917
6410,153840,0,53917
6411,153864,0,53917
6412,153888,0,53917
6413,153912,0,53917
6414,153936,0,53917
6415,153960,0,53917
6416,153984,0,53917
6417,154008,0,53917
6418,154032,0,53917
6419,154056,0,53917
6420,154080,0,53917
6421,154104,0,53917
6422,154128,0,53917
6423,154152,0,53917
6424,154176,0,53917
6425,154200,0,53917
6426,154224,0,53917
6427,154248,0,53917
6428,154272,0,53917
6429,154296,0,53917
6430,154320,0,53917
6431,154344,0,53917
6432,154368,0,53917
6433,154392,0,53917
6434,154416,0,53917
6435,154440,0,53917
6436,154464,0,53917
6437,154488,0,53917
6438,154512,0,53917
6439,154536,0,53917
6440,154560,0,53917
6441,154584,0,53917
6442,154608,0,53917
6443,154632,0,53917
6444,154656,0,53917
6445,154680,0,53917
6446,154704,0,53917
6447,154728,0,53917
6448,154752,0,53917
6449,154776,0,53917
6450,154800,0,53917
6451,154824,0,53917
6452,154848,0,53917
6453,154872,0,53917
6454,154896,0,53917
6455,154920,0,53917
6456,154944,0,53917
6457,154968,0,53917
6458,154992,0,53917
6459,155016,0,53917
6460,155040,0,53917
6461,155064,0,53917
6462,155088,0,53917
6463,155112,0,53917
6464,155136,0,53917
6465,155160,0,53917
6466,155184,0,53917
6467,155208,0,53917
6468,155232,0,53917
6469,155256,0,53917
6470,155280,0,53917
6471,155304,0,53917
6472,155328,0,53917
6473,155352,0,53917
6474,155376,0,53917
6475,155400,0,53917
6476,155424,0,53917
6477,155448,0,53917
6478,155472,0,53917
6479,155496,0,53917
6480,155520,0,53917
6481,155544,0,53917
6482,155568,0,53917
6483,155592,0,53917
6484,155616,0,53917
6485,155640,0,53917
6486,155664,0,53917
6487,155688,0,53917
6488,155712,0,53917
6489,155736,0,53917
6490,155760,0,53917
6491,155784,0,53917
6492,155808,0,53917
6493,155832,0,53917
6494,155856,0,53917
6495,155880,0,53917
6496,155904,0,53917
6497,155928,0,53917
6498,155952,0,53917
6499,155976,0,53917
6500,156000,0,53917
6501,156024,0,53917
6502,156048,0,53917
6503,156072,0,53917
6504,156096,0,53917
6505,156120,0,53917
6506,156144,0,53917
6507,156168,0,53917
6508,156192,0,53917
6509,156216,0,53917
6510,156240,0,53917
6511,156264,0,53917
6512,156288,0,53917
6513,156312,0,53917
6514,156336,0,53917
6515,156360,0,53917
6516,156384,0,53917
6517,156408,0,53917
6518,156432,0,53917
6519,156456,0,53917
6520,156480,0,53917
6521,156504,0,53917
6522,156528,0,53917
6523,156552,0,53917
6524,156576,0,53917
6525,156600,0,53917
6526,156624,0,53917
6527,156648,0,53917
6528,156672,0,53917
6529,156696,0,53917
6530,156720,0,53917
6531,156744,0,53917
6532,156768,0,53917
6533,156792,0,53917
6534,156816,0,53917
6535,156840,0,53917
6536,156864,0,53917
6537,156888,0,53917
6538,156912,0,53917
6539,156936,0,53917
6540,156960,0,53917
6541,156984,0,53917
6542,157008,0,53917
6543,157032,0,53917
6544,157056,0,53917
6545,157080,0,53917
6546,157104,0,53917
6547,157128,0,53917
6548,157152,0,53917
6549,157176,0,53917
6550,157200,0,53917
6551,157224,0,53917
6552,157248,0,53917
6553,157272,0,53917
6554,157296,0,53917
6555,157320,0,53917
6556,157344,0,53917
6557,157368,0,53917
6558,157392,0,53917
6559,157416,0,53917
6560,157440,0,53917
6561,157464,0,53917
6562,157488,0,53917
6563,157512,0,53917
6564,157536,0,53917
6565,157560,0,53917
6566,157584,0,53917
6567,157608,0,53917
6568,157632,0,53917
6569,157656,0,53917
6570,157680,0,53917
6571,157704,0,53917
6572,157728,0,53917
6573,157752,0,53917
6574,157776,0,53917
6575,157800,0,53917
6576,157824,0,53917
6577,157848,0,53917
6578,157872,0,53917
6579,157896,0,53917
6580,157920,0,53917
6581,157944,0,53917
6582,157968,0,53917
6583,157992,0,53917
6584,158016,0,53917
6585,158040,0,53917
6586,158064,0,53917
6587,158088,0,53917
6588,158112,0,53917
6589,158136,0,53917
6590,158160,0,53917
6591,158184,0,53917
6592,158208,0,53917
6593,158232,0,53917
6594,158256,0,53917
6595,158280,0,53917
6596,158304,0,53917
6597,158328,0,53917
6598,158352,0,53917
6599,158376,0,53917
6600,158400,0,53917
6601,158424,0,53917
6602,158448,0,53917
6603,158472,0,53917
6604,158496,0,53917
6605,158520,0,53917
6606,158544,0,53917
6607,158568,0,53917
6608,158592,0,53917
6609,158616,0,53917
6610,158640,0,53917
6611,158664,0,53917
6612,158688,0,53917
6613,158712,0,53917
6614,158736,0,53917
6615,158760,0,53917
6616,158784,0,53917
6617,158808,0,53917
6618,158832,0,53917
6619,158856,0,53917
6620,158880,0,53917
6621,158904,0,53917
6622,158928,0,53917
6623,158952,0,53917
6624,158976,0,53917
6625,159000,0,53917
6626,159024,0,53917
6627,159048,0,53917
6628,159072,0,53917
6629,159096,0,53917
6630,159120,0,53917
6631,159144,0,53917
6632,159168,0,53917
6633,159192,0,53917
6634,159216,0,53917
6635,159240,0,53917
6636,159264,0,53917
6637,159288,0,53917
6638,159312,0,53917
6639,159336,0,53917
6640,159360,0,53917
6641,159384,0,53917
6642,159408,0,53917
6643,159432,0,53917
6644,159456,0,53917
6645,159480,0,53917
6646,159504,0,53917
6647,159528,0,53917
6648,159552,0,53917
6649,159576,0,53917
6650,159600,0,53917
6651,159624,0,53917
6652,159648,1,53917
6653,159672,0,53917
6654,159696,0,53917
6655,159720,0,53917
6656,159744,0,53917
6657,159768,0,53917
6658,159792,0,53917
6659,159816,0,53917
6660,159840,0,53917
6661,159864,0,53917
6662,159888,0,53917
6663,159912,0,53917
6664,159936,0,53917
6665,159960,0,53917
6666,159984,0,53917
6667,160008,0,53917
6668,160032,0,53917
6669,160056,0,53917
6670,160080,0,53917
6671,160104,0,53917
6672,160128,1,53917
6673,160152,1,53917
6674,160176,0,53917
6675,160200,0,53917
6676,160224,0,53917
6677,160248,0,53917
6678,160272,0,53917
6679,160296,0,53917
6680,160320,0,53917
6681,160344,0,53917
6682,160368,0,53917
6683,160392,0,53917
6684,160416,0,53917
6685,160440,0,53917
6686,160464,0,53917
6687,160488,0,53917
6688,160512,0,53917
6689,160536,0,53917
6690,160560,0,53917
6691,160584,0,53917
6692,160608,0,53917
6693,160632,0,53917
6694,160656,0,53917
6695,160680,0,53917
6696,160704,0,53917
6697,160728,0,53917
6698,160752,0,53917
6699,160776,0,53917
6700,160800,0,53917
6701,160824,0,53917
6702,160848,0,53917
6703,160872,0,53917
6704,160896,0,53917
6705,160920,0,53917
6706,160944,0,53917
6707,160968,0,53917
6708,160992,0,53917
6709,161016,0,53917
6710,161040,0,53917
6711,161064,0,53917
6712,161088,0,53917
6713,161112,0,53917
6714,161136,0,53917
6715,161160,0,53917
6716,161184,0,53917
6717,161208,0,53917
6718,161232,0,53917
6719,161256,0,53917
6720,161280,0,53917
6721,161304,0,53917
6722,161328,0,53917
6723,161352,0,53917
6724,161376,0,53917
6725,161400,0,53917
6726,161424,0,53917
6727,161448,0,53917
6728,161472,0,53917
6729,161496,0,53917
6730,161520,0,53917
6731,161544,0,53917
6732,161568,0,53917
6733,161592,0,53917
6734,161616,0,53917
6735,161640,0,53917
6736,161664,0,53917
6737,161688,0,53917
6738,161712,0,53917
6739,161736,0,53917
6740,161760,0,53917
6741,161784,0,53917
6742,161808,0,53917
6743,161832,0,53917
6744,161856,0,53917
6745,161880,0,53917
6746,161904,0,53917
6747,161928,0,53917
6748,161952,0,53917
6749,161976,0,53917
6750,162000,0,53917
6751,162024,0,53917
6752,162048,0,53917
6753,162072,0,53917
6754,162096,0,53917
6755,162120,0,53917
6756,162144,0,53917
6757,162168,0,53917
6758,162192,0,53917
6759,162216,0,53917
6760,162240,0,53917
6761,162264,0,53917
6762,162288,0,53917
6763,162312,0,53917
6764,162336,0,53917
6765,162360,0,53917
6766,162384,0,53917
6767,162408,0,53917
6768,162432,0,53917
6769,162456,0,53917
6770,162480,0,53917
6771,162504,0,53917
6772,162528,0,53917
6773,162552,0,53917
6774,162576,0,53917
6775,162600,0,53917
6776,162624,0,53917
6777,162648,0,53917
6778,162672,0,53917
6779,162696,0,53917
6780,162720,0,53917
6781,162744,0,53917
6782,162768,0,53917
6783,162792,0,53917
6784,162816,0,53917
6785,162840,0,53917
6786,162864,0,53917
6787,162888,0,53917
6788,162912,0,53917
6789,162936,0,53917
6790,162960,0,53917
6791,162984,0,53917
6792,163008,0,53917
6793,163032,0,53917
6794,163056,0,53917
6795,163080,0,53917
6796,163104,0,53917
6797,163128,1,53917
6798,163152,1,53917
6799,163176,0,53917
6800,163200,1,53917
6801,163224,0,53917
6802,163248,1,53917
6803,163272,0,53917
6804,163296,0,53917
6805,163320,0,53917
6806,163344,0,53917
6807,163368,0,53917
6808,163392,0,53917
6809,163416,0,53917
6810,163440,0,53917
6811,163464,0,53917
6812,163488,0,53917
6813,163512,0,53917
6814,163536,0,53917
6815,163560,1,53917
6816,163584,0,53917
6817,163608,0,53917
6818,163632,0,53917
6819,163656,0,53917
6820,163680,0,53917
6821,163704,1,53917
6822,163728,0,53917
6823,163752,1,53917
6824,163776,0,53917
6825,163800,0,53917
6826,163824,0,53917
6827,163848,0,53917
6828,163872,0,53917
6829,163896,0,53917
6830,163920,0,53917
6831,163944,0,53917
6832,163968,0,53917
6833,163992,0,53917
6834,164016,0,53917
6835,164040,0,53917
6836,164064,0,53917
6837,164088,0,53917
6838,164112,0,53917
6839,164136,0,53917
6840,164160,0,53917
6841,164184,0,53917
6842,164208,0,53917
6843,164232,0,53917
6844,164256,0,53917
6845,164280,0,53917
6846,164304,1,53917
6847,164328,1,53917
6848,164352,1,53917
6849,164376,1,53917
6850,164400,1,53917
6851,164424,0,53917
6852,164448,0,53917
6853,164472,0,53917
6854,164496,0,53917
6855,164520,0,53917
6856,164544,0,53917
6857,164568,0,53917
6858,164592,0,53917
6859,164616,0,53917
6860,164640,0,53917
6861,164664,0,53917
6862,164688,0,53917
6863,164712,0,53917
6864,164736,0,53917
6865,164760,0,53917
6866,164784,0,53917
6867,164808,0,53917
6868,164832,0,53917
6869,164856,0,53917
6870,164880,0,53917
6871,164904,0,53917
6872,164928,0,53917
6873,164952,1,53917
6874,164976,1,53917
6875,165000,1,53917
6876,165024,1,53917
6877,165048,1,53917
6878,165072,1,53917
6879,165096,0,53917
6880,165120,0,53917
6881,165144,1,53917
6882,165168,0,53917
6883,165192,1,53917
6884,165216,1,53917
6885,165240,0,53917
6886,165264,1,53917
6887,165288,0,53917
6888,165312,0,53917
6889,165336,0,53917
6890,165360,1,53917
6891,165384,0,53917
6892,165408,0,53917
6893,165432,0,53917
6894,165456,0,53917
6895,165480,0,53917
6896,165504,0,53917
6897,165528,0,53917
6898,165552,0,53917
6899,165576,0,53917
6900,165600,0,53917
6901,165624,0,53917
6902,165648,0,53917
6903,165672,0,53917
6904,165696,0,53917
6905,165720,0,53917
6906,165744,0,53917
6907,165768,0,53917
6908,165792,0,53917
6909,165816,0,53917
6910,165840,0,53917
6911,165864,0,53917
6912,165888,0,53917
6913,165912,0,53917
6914,165936,0,53917
6915,165960,0,53917
6916,165984,0,53917
6917,166008,0,53917
6918,166032,0,53917
6919,166056,0,53917
6920,166080,0,53917
6921,166104,0,53917
6922,166128,0,53917
6923,166152,0,53917
6924,166176,0,53917
6925,166200,0,53917
6926,166224,0,53917
6927,166248,0,53917
6928,166272,0,53917
6929,166296,0,53917
6930,166320,0,53917
6931,166344,1,53917
6932,166368,0,53917
6933,166392,0,53917
6934,166416,1,53917
6935,166440,0,53917
6936,166464,1,53917
6937,166488,1,53917
6938,166512,0,53917
6939,166536,0,53917
6940,166560,0,53917
6941,166584,0,53917
6942,166608,0,53917
6943,166632,0,53917
6944,166656,0,53917
6945,166680,0,53917
6946,166704,1,53917
6947,166728,0,53917
6948,166752,0,53917
6949,166776,0,53917
6950,166800,0,53917
6951,166824,0,53917
6952,166848,0,53917
6953,166872,0,53917
6954,166896,0,53917
6955,166920,0,53917
6956,166944,0,53917
6957,166968,0,53917
6958,166992,0,53917
6959,167016,0,53917
6960,167040,0,53917
6961,167064,0,53917
6962,167088,0,53917
6963,167112,1,53917
6964,167136,1,53917
6965,167160,0,53917
6966,167184,0,53917
6967,167208,0,53917
6968,167232,0,53917
6969,167256,0,53917
6970,167280,0,53917
6971,167304,1,53917
6972,167328,1,53917
6973,167352,1,53917
6974,167376,0,53917
6975,167400,0,53917
6976,167424,0,53917
6977,167448,0,53917
6978,167472,0,53917
6979,167496,0,53917
6980,167520,0,53917
6981,167544,1,53917
6982,167568,0,53917
6983,167592,0,53917
6984,167616,0,53917
6985,167640,0,53917
6986,167664,0,53917
6987,167688,0,53917
6988,167712,0,53917
6989,167736,0,53917
6990,167760,0,53917
6991,167784,0,53917
6992,167808,0,53917
6993,167832,0,53917
6994,167856,0,53917
6995,167880,1,53917
6996,167904,1,53917
6997,167928,1,53917
6998,167952,0,53917
6999,167976,1,53917
7000,168000,1,53917
7001,168024,1,53917
7002,168048,1,53917
7003,168072,1,53917
7004,168096,1,53917
7005,168120,1,53917
7006,168144,1,53917
7007,168168,1,53917
7008,168192,1,53917
7009,168216,1,53917
7010,168240,1,53917
7011,168264,1,53917
7012,168288,1,53917
7013,168312,1,53917
7014,168336,1,53917
7015,168360,0,53917
7016,168384,0,53917
7017,168408,0,53917
7018,168432,0,53917
7019,168456,0,53917
7020,168480,0,53917
7021,168504,1,53917
7022,168528,1,53917
7023,168552,1,53917
7024,168576,1,53917
7025,168600,0,53917
7026,168624,0,53917
7027,168648,0,53917
7028,168672,0,53917
7029,168696,0,53917
7030,168720,0,53917
7031,168744,1,53917
7032,168768,1,53917
7033,168792,1,53917
7034,168816,1,53917
7035,168840,1,53917
7036,168864,1,53917
7037,168888,1,53917
7038,168912,1,53917
7039,168936,1,53917
7040,168960,1,53917
7041,168984,0,53917
7042,169008,0,53917
7043,169032,0,53917
7044,169056,0,53917
7045,169080,0,53917
7046,169104,0,53917
7047,169128,0,53917
7048,169152,0,53917
7049,169176,0,53917
7050,169200,0,53917
7051,169224,0,53917
7052,169248,0,53917
7053,169272,0,53917
7054,169296,0,53917
7055,169320,0,53917
7056,169344,0,53917
7057,169368,0,53917
7058,169392,0,53917
7059,169416,0,53917
7060,169440,0,53917
7061,169464,0,53917
7062,169488,0,53917
7063,169512,0,53917
7064,169536,0,53917
7065,169560,0,53917
7066,169584,0,53917
7067,169608,0,53917
7068,169632,0,53917
7069,169656,0,53917
7070,169680,0,53917
7071,169704,0,53917
7072,169728,0,53917
7073,169752,0,53917
7074,169776,0,53917
7075,169800,0,53917
7076,169824,0,53917
7077,169848,0,53917
7078,169872,0,53917
7079,169896,0,53917
7080,169920,0,53917
7081,169944,0,53917
7082,169968,0,53917
7083,169992,0,53917
7084,170016,0,53917
7085,170040,0,53917
7086,170064,0,53917
7087,170088,0,53917
7088,170112,0,53917
7089,170136,0,53917
7090,170160,0,53917
7091,170184,0,53917
7092,170208,0,53917
7093,170232,0,53917
7094,170256,0,53917
7095,170280,0,53917
7096,170304,0,53917
7097,170328,0,53917
7098,170352,0,53917
7099,170376,0,53917
7100,170400,0,53917
7101,170424,0,53917
7102,170448,0,53917
7103,170472,0,53917
7104,170496,0,53917
7105,170520,0,53917
7106,170544,0,53917
7107,170568,0,53917
7108,170592,0,53917
7109,170616,0,53917
7110,170640,0,53917
7111,170664,0,53917
7112,170688,0,53917
7113,170712,0,53917
7114,170736,0,53917
7115,170760,0,53917
7116,170784,0,53917
7117,170808,0,53917
7118,170832,0,53917
7119,170856,0,53917
7120,170880,0,53917
7121,170904,0,53917
7122,170928,0,53917
7123,170952,0,53917
7124,170976,0,53917
7125,171000,0,53917
7126,171024,0,53917
7127,171048,0,53917
7128,171072,0,53917
7129,171096,0,53917
7130,171120,0,53917
7131,171144,0,53917
7132,171168,0,53917
7133,171192,0,53917
7134,171216,0,53917
7135,171240,0,53917
7136,171264,0,53917
7137,171288,0,53917
7138,171312,0,53917
7139,171336,0,53917
7140,171360,0,53917
7141,171384,0,53917
7142,171408,0,53917
7143,171432,0,53917
7144,171456,0,53917
7145,171480,0,53917
7146,171504,0,53917
7147,171528,0,53917
7148,171552,0,53917
7149,171576,0,53917
7150,171600,0,53917
7151,171624,0,53917
7152,171648,0,53917
7153,171672,0,53917
7154,171696,0,53917
7155,171720,0,53917
7156,171744,0,53917
7157,171768,0,53917
7158,171792,0,53917
7159,171816,0,53917
7160,171840,0,53917
7161,171864,0,53917
7162,171888,0,53917
7163,171912,0,53917
7164,171936,0,53917
7165,171960,0,53917
7166,171984,0,53917
7167,172008,0,53917
7168,172032,0,53917
7169,172056,0,53917
7170,172080,0,53917
7171,172104,0,53917
7172,172128,0,53917
7173,172152,0,53917
7174,172176,0,53917
7175,172200,0,53917
7176,172224,0,53917
7177,172248,0,53917
7178,172272,0,53917
7179,172296,0,53917
7180,172320,0,53917
7181,172344,0,53917
7182,172368,0,53917
7183,172392,0,53917
7184,172416,0,53917
7185,172440,0,53917
7186,172464,0,53917
7187,172488,0,53917
7188,172512,0,53917
7189,172536,0,53917
7190,172560,0,53917
7191,172584,0,53917
7192,172608,0,53917
7193,172632,0,53917
7194,172656,0,53917
7195,172680,0,53917
7196,172704,0,53917
7197,172728,0,53917
7198,172752,0,53917
7199,172776,0,53917
7200,172800,0,53917
7201,172824,0,53917
7202,172848,0,53917
7203,172872,0,53917
7204,172896,0,53917
7205,172920,0,53917
7206,172944,0,53917
7207,172968,0,53917
7208,172992,0,53917
7209,173016,0,53917
7210,173040,0,53917
7211,173064,0,53917
7212,173088,0,53917
7213,173112,0,53917
7214,173136,0,53917
7215,173160,0,53917
7216,173184,0,53917
7217,173208,0,53917
7218,173232,0,53917
7219,173256,0,53917
7220,173280,0,53917
7221,173304,0,53917
7222,173328,0,53917
7223,173352,0,53917
7224,173376,0,53917
7225,173400,0,53917
7226,173424,0,53917
7227,173448,0,53917
7228,173472,0,53917
7229,173496,0,53917
7230,173520,0,53917
7231,173544,0,53917
7232,173568,0,53917
7233,173592,0,53917
7234,173616,0,53917
7235,173640,0,53917
7236,173664,0,53917
7237,173688,0,53917
7238,173712,0,53917
7239,173736,0,53917
7240,173760,0,53917
7241,173784,0,53917
7242,173808,0,53917
7243,173832,0,53917
7244,173856,0,53917
7245,173880,0,53917
7246,173904,0,53917
7247,173928,0,53917
7248,173952,0,53917
7249,173976,0,53917
7250,174000,0,53917
7251,174024,0,53917
7252,174048,0,53917
7253,174072,0,53917
7254,174096,0,53917
7255,174120,0,53917
7256,174144,0,53917
7257,174168,0,53917
7258,174192,0,53917
7259,174216,0,53917
7260,174240,0,53917
7261,174264,0,53917
7262,174288,0,53917
7263,174312,0,53917
7264,174336,0,53917
7265,174360,0,53917
7266,174384,0,53917
7267,174408,0,53917
7268,174432,0,53917
7269,174456,0,53917
7270,174480,0,53917
7271,174504,0,53917
7272,174528,0,53917
7273,174552,0,53917
7274,174576,0,53917
7275,174600,0,53917
7276,174624,0,53917
7277,174648,0,53917
7278,174672,0,53917
7279,174696,0,53917
7280,174720,0,53917
7281,174744,0,53917
7282,174768,0,53917
7283,174792,0,53917
7284,174816,0,53917
7285,174840,0,53917
7286,174864,0,53917
7287,174888,0,53917
7288,174912,0,53917
7289,174936,0,53917
7290,174960,0,53917
7291,174984,0,53917
7292,175008,0,53917
7293,175032,0,53917
7294,175056,0,53917
7295,175080,0,53917
7296,175104,0,53917
7297,175128,0,53917
7298,175152,0,53917
7299,175176,0,53917
7300,175200,0,53917
7301,175224,0,53917
7302,175248,0,53917
7303,175272,0,53917
7304,175296,0,53917
7305,175320,0,53917
7306,175344,0,53917
7307,175368,0,53917
7308,175392,0,53917
7309,175416,0,53917
7310,175440,0,53917
7311,175464,0,53917
7312,175488,0,53917
7313,175512,0,53917
7314,175536,0,53917
7315,175560,0,53917
7316,175584,0,53917
7317,175608,0,53917
7318,175632,0,53917
7319,175656,0,53917
7320,175680,0,53917
7321,175704,0,53917
7322,175728,0,53917
7323,175752,0,53917
7324,175776,0,53917
7325,175800,0,53917
7326,175824,0,53917
7327,175848,0,53917
7328,175872,0,53917
7329,175896,0,53917
7330,175920,0,53917
7331,175944,0,53917
7332,175968,0,53917
7333,175992,0,53917
7334,176016,0,53917
7335,176040,0,53917
7336,176064,0,53917
7337,176088,0,53917
7338,176112,0,53917
7339,176136,0,53917
7340,176160,0,53917
7341,176184,0,53917
7342,176208,0,53917
7343,176232,0,53917
7344,176256,0,53917
7345,176280,0,53917
7346,176304,0,53917
7347,176328,0,53917
7348,176352,0,53917
7349,176376,0,53917
7350,176400,0,53917
7351,176424,0,53917
7352,176448,0,53917
7353,176472,0,53917
7354,176496,0,53917
7355,176520,0,53917
7356,176544,0,53917
7357,176568,0,53917
7358,176592,0,53917
7359,176616,0,53917
7360,176640,0,53917
7361,176664,0,53917
7362,176688,0,53917
7363,176712,0,53917
7364,176736,0,53917
7365,176760,0,53917
7366,176784,0,53917
7367,176808,0,53917
7368,176832,0,53917
7369,176856,0,53917
7370,176880,0,53917
7371,176904,0,53917
7372,176928,0,53917
7373,176952,0,53917
7374,176976,0,53917
7375,177000,0,53917
7376,177024,0,53917
7377,177048,0,53917
7378,177072,0,53917
7379,177096,0,53917
7380,177120,0,53917
7381,177144,0,53917
7382,177168,0,53917
7383,177192,0,53917
7384,177216,0,53917
7385,177240,0,53917
7386,177264,0,53917
7387,177288,0,53917
7388,177312,0,53917
7389,177336,0,53917
7390,177360,0,53917
7391,177384,0,53917
7392,177408,0,53917
7393,177432,0,53917
7394,177456,0,53917
7395,177480,0,53917
7396,177504,0,53917
7397,177528,0,53917
7398,177552,0,53917
7399,177576,0,53917
7400,177600,0,53917
7401,177624,0,53917
7402,177648,0,53917
7403,177672,0,53917
7404,177696,0,53917
7405,177720,0,53917
7406,177744,0,53917
7407,177768,0,53917
7408,177792,0,53917
7409,177816,0,53917
7410,177840,0,53917
7411,177864,0,53917
7412,177888,0,53917
7413,177912,0,53917
7414,177936,0,53917
7415,177960,0,53917
7416,177984,0,53917
7417,178008,0,53917
7418,178032,0,53917
7419,178056,0,53917
7420,178080,0,53917
7421,178104,0,53917
7422,178128,0,53917
7423,178152,0,53917
7424,178176,0,53917
7425,178200,0,53917
7426,178224,0,53917
7427,178248,0,53917
7428,178272,0,53917
7429,178296,0,53917
7430,178320,0,53917
7431,178344,0,53917
7432,178368,0,53917
7433,178392,0,53917
7434,178416,0,53917
7435,178440,0,53917
7436,178464,0,53917
7437,178488,0,53917
7438,178512,0,53917
7439,178536,0,53917
7440,178560,0,53917
7441,178584,0,53917
7442,178608,0,53917
7443,178632,0,53917
7444,178656,0,53917
7445,178680,0,53917
7446,178704,0,53917
7447,178728,0,53917
7448,178752,0,53917
7449,178776,0,53917
7450,178800,0,53917
7451,178824,0,53917
7452,178848,0,53917
7453,178872,0,53917
7454,178896,0,53917
7455,178920,0,53917
7456,178944,0,53917
7457,178968,0,53917
7458,178992,0,53917
7459,179016,0,53917
7460,179040,0,53917
7461,179064,0,53917
7462,179088,0,53917
7463,179112,0,53917
7464,179136,0,53917
7465,179160,0,53917
7466,179184,0,53917
7467,179208,0,53917
7468,179232,0,53917
7469,179256,0,53917
7470,179280,0,53917
7471,179304,0,53917
7472,179328,0,53917
7473,179352,0,53917
7474,179376,0,53917
7475,179400,0,53917
7476,179424,0,53917
7477,179448,0,53917
7478,179472,0,53917
7479,179496,0,53917
7480,179520,0,53917
7481,179544,0,53917
7482,179568,0,53917
7483,179592,0,53917
7484,179616,0,53917
7485,179640,0,53917
7486,179664,0,53917
7487,179688,0,53917
7488,179712,0,53917
7489,179736,1,53917
7490,179760,0,53917
7491,179784,0,53917
7492,179808,0,53917
7493,179832,0,53917
7494,179856,0,53917
7495,179880,0,53917
7496,179904,0,53917
7497,179928,0,53917
7498,179952,0,53917
7499,179976,0,53917
7500,180000,0,53917
7501,180024,0,53917
7502,180048,0,53917
7503,180072,0,53917
7504,180096,0,53917
7505,180120,0,53917
7506,180144,0,53917
7507,180168,0,53917
7508,180192,0,53917
7509,180216,0,53917
7510,180240,0,53917
7511,180264,0,53917
7512,180288,0,53917
7513,180312,0,53917
7514,180336,0,53917
7515,180360,0,53917
7516,180384,0,53917
7517,180408,0,53917
7518,180432,0,53917
7519,180456,0,53917
7520,180480,1,53917
7521,180504,0,53917
7522,180528,0,53917
7523,180552,0,53917
7524,180576,0,53917
7525,180600,0,53917
7526,180624,0,53917
7527,180648,0,53917
7528,180672,0,53917
7529,180696,0,53917
7530,180720,0,53917
7531,180744,0,53917
7532,180768,0,53917
7533,180792,0,53917
7534,180816,0,53917
7535,180840,0,53917
7536,180864,0,53917
7537,180888,0,53917
7538,180912,0,53917
7539,180936,0,53917
7540,180960,0,53917
7541,180984,0,53917
7542,181008,0,53917
7543,181032,0,53917
7544,181056,0,53917
7545,181080,0,53917
7546,181104,0,53917
7547,181128,0,53917
7548,181152,0,53917
7549,181176,0,53917
7550,181200,0,53917
7551,181224,0,53917
7552,181248,0,53917
7553,181272,0,53917
7554,181296,0,53917
7555,181320,0,53917
7556,181344,0,53917
7557,181368,0,53917
7558,181392,0,53917
7559,181416,0,53917
7560,181440,0,53917
7561,181464,0,53917
7562,181488,0,53917
7563,181512,0,53917
7564,181536,0,53917
7565,181560,0,53917
7566,181584,0,53917
7567,181608,0,53917
7568,181632,0,53917
7569,181656,0,53917
7570,181680,0,53917
7571,181704,0,53917
7572,181728,0,53917
7573,181752,0,53917
7574,181776,0,53917
7575,181800,0,53917
7576,181824,0,53917
7577,181848,0,53917
7578,181872,0,53917
7579,181896,0,53917
7580,181920,0,53917
7581,181944,0,53917
7582,181968,0,53917
7583,181992,0,53917
7584,182016,0,53917
7585,182040,0,53917
7586,182064,0,53917
7587,182088,0,53917
7588,182112,0,53917
7589,182136,0,53917
7590,182160,0,53917
7591,182184,0,53917
7592,182208,0,53917
7593,182232,0,53917
7594,182256,0,53917
7595,182280,0,53917
7596,182304,0,53917
7597,182328,0,53917
7598,182352,0,53917
7599,182376,0,53917
7600,182400,0,53917
7601,182424,0,53917
7602,182448,0,53917
7603,182472,0,53917
7604,182496,0,53917
7605,182520,0,53917
7606,182544,0,53917
7607,182568,0,53917
7608,182592,0,53917
7609,182616,0,53917
7610,182640,0,53917
7611,182664,0,53917
7612,182688,0,53917
7613,182712,0,53917
7614,182736,0,53917
7615,182760,0,53917
7616,182784,0,53917
7617,182808,0,53917
7618,182832,0,53917
7619,182856,0,53917
7620,182880,0,53917
7621,182904,0,53917
7622,182928,0,53917
7623,182952,0,53917
7624,182976,0,53917
7625,183000,0,53917
7626,183024,0,53917
7627,183048,0,53917
7628,183072,0,53917
7629,183096,0,53917
7630,183120,0,53917
7631,183144,0,53917
7632,183168,0,53917
7633,183192,0,53917
7634,183216,0,53917
7635,183240,0,53917
7636,183264,0,53917
7637,183288,0,53917
7638,183312,0,53917
7639,183336,0,53917
7640,183360,0,53917
7641,183384,0,53917
7642,183408,0,53917
7643,183432,0,53917
7644,183456,0,53917
7645,183480,0,53917
7646,183504,0,53917
7647,183528,0,53917
7648,183552,0,53917
7649,183576,0,53917
7650,183600,0,53917
7651,183624,0,53917
7652,183648,0,53917
7653,183672,0,53917
7654,183696,0,53917
7655,183720,0,53917
7656,183744,0,53917
7657,183768,0,53917
7658,183792,0,53917
7659,183816,0,53917
7660,183840,0,53917
7661,183864,0,53917
7662,183888,0,53917
7663,183912,0,53917
7664,183936,0,53917
7665,183960,0,53917
7666,183984,0,53917
7667,184008,1,53917
7668,184032,1,53917
7669,184056,0,53917
7670,184080,0,53917
7671,184104,0,53917
7672,184128,0,53917
7673,184152,0,53917
7674,184176,0,53917
7675,184200,0,53917
7676,184224,0,53917
7677,184248,0,53917
7678,184272,0,53917
7679,184296,0,53917
7680,184320,0,53917
7681,184344,0,53917
7682,184368,0,53917
7683,184392,0,53917
7684,184416,0,53917
7685,184440,0,53917
7686,184464,0,53917
7687,184488,0,53917
7688,184512,0,53917
7689,184536,0,53917
7690,184560,0,53917
7691,184584,0,53917
7692,184608,0,53917
7693,184632,0,53917
7694,184656,0,53917
7695,184680,0,53917
7696,184704,0,53917
7697,184728,0,53917
7698,184752,0,53917
7699,184776,0,53917
7700,184800,0,53917
7701,184824,0,53917
7702,184848,0,53917
7703,184872,0,53917
7704,184896,0,53917
7705,184920,0,53917
7706,184944,0,53917
7707,184968,0,53917
7708,184992,0,53917
7709,185016,0,53917
7710,185040,0,53917
7711,185064,0,53917
7712,185088,0,53917
7713,185112,0,53917
7714,185136,0,53917
7715,185160,0,53917
7716,185184,0,53917
7717,185208,0,53917
7718,185232,0,53917
7719,185256,0,53917
7720,185280,0,53917
7721,185304,0,53917
7722,185328,0,53917
7723,185352,0,53917
7724,185376,0,53917
7725,185400,0,53917
7726,185424,0,53917
7727,185448,0,53917
7728,185472,0,53917
7729,185496,0,53917
7730,185520,0,53917
7731,185544,0,53917
7732,185568,0,53917
7733,185592,0,53917
7734,185616,0,53917
7735,185640,0,53917
7736,185664,0,53917
7737,185688,1,53917
7738,185712,1,53917
7739,185736,0,53917
7740,185760,0,53917
7741,185784,0,53917
7742,185808,0,53917
7743,185832,0,53917
7744,185856,0,53917
7745,185880,0,53917
7746,185904,0,53917
7747,185928,0,53917
7748,185952,0,53917
7749,185976,0,53917
7750,186000,0,53917
7751,186024,0,53917
7752,186048,0,53917
7753,186072,0,53917
7754,186096,0,53917
7755,186120,0,53917
7756,186144,0,53917
7757,186168,0,53917
7758,186192,0,53917
7759,186216,0,53917
7760,186240,0,53917
7761,186264,0,53917
7762,186288,0,53917
7763,186312,0,53917
7764,186336,0,53917
7765,186360,0,53917
7766,186384,0,53917
7767,186408,0,53917
7768,186432,0,53917
7769,186456,0,53917
7770,186480,0,53917
7771,186504,0,53917
7772,186528,0,53917
7773,186552,0,53917
7774,186576,0,53917
7775,186600,0,53917
7776,186624,0,53917
7777,186648,0,53917
7778,186672,0,53917
7779,186696,0,53917
7780,186720,0,53917
7781,186744,0,53917
7782,186768,0,53917
7783,186792,0,53917
7784,186816,0,53917
7785,186840,0,53917
7786,186864,0,53917
7787,186888,0,53917
7788,186912,0,53917
7789,186936,0,53917
7790,186960,0,53917
7791,186984,0,53917
7792,187008,0,53917
7793,187032,0,53917
7794,187056,0,53917
7795,187080,0,53917
7796,187104,0,53917
7797,187128,0,53917
7798,187152,0,53917
7799,187176,0,53917
7800,187200,0,53917
7801,187224,0,53917
7802,187248,0,53917
7803,187272,0,53917
7804,187296,0,53917
7805,187320,0,53917
7806,187344,0,53917
7807,187368,0,53917
7808,187392,0,53917
7809,187416,0,53917
7810,187440,0,53917
7811,187464,0,53917
7812,187488,0,53917
7813,187512,0,53917
7814,187536,0,53917
7815,187560,0,53917
7816,187584,0,53917
7817,187608,0,53917
7818,187632,0,53917
7819,187656,0,53917
7820,187680,0,53917
7821,187704,0,53917
7822,187728,0,53917
7823,187752,1,53917
7824,187776,0,53917
7825,187800,0,53917
7826,187824,0,53917
7827,187848,0,53917
7828,187872,0,53917
7829,187896,0,53917
7830,187920,0,53917
7831,187944,0,53917
7832,187968,0,53917
7833,187992,0,53917
7834,188016,0,53917
7835,188040,0,53917
7836,188064,0,53917
7837,188088,0,53917
7838,188112,0,53917
7839,188136,0,53917
7840,188160,0,53917
7841,188184,0,53917
7842,188208,0,53917
7843,188232,0,53917
7844,188256,0,53917
7845,188280,0,53917
7846,188304,0,53917
7847,188328,0,53917
7848,188352,0,53917
7849,188376,0,53917
7850,188400,0,53917
7851,188424,0,53917
7852,188448,0,53917
7853,188472,0,53917
7854,188496,0,53917
7855,188520,0,53917
7856,188544,0,53917
7857,188568,0,53917
7858,188592,0,53917
7859,188616,0,53917
7860,188640,0,53917
7861,188664,0,53917
7862,188688,0,53917
7863,188712,0,53917
7864,188736,0,53917
7865,188760,0,53917
7866,188784,0,53917
7867,188808,0,53917
7868,188832,0,53917
7869,188856,0,53917
7870,188880,0,53917
7871,188904,0,53917
7872,188928,0,53917
7873,188952,0,53917
7874,188976,0,53917
7875,189000,0,53917
7876,189024,0,53917
7877,189048,0,53917
7878,189072,0,53917
7879,189096,0,53917
7880,189120,0,53917
7881,189144,0,53917
7882,189168,0,53917
7883,189192,0,53917
7884,189216,0,53917
7885,189240,0,53917
7886,189264,0,53917
7887,189288,0,53917
7888,189312,0,53917
7889,189336,0,53917
7890,189360,0,53917
7891,189384,0,53917
7892,189408,0,53917
7893,189432,0,53917
7894,189456,0,53917
7895,189480,0,53917
7896,189504,0,53917
7897,189528,0,53917
7898,189552,0,53917
7899,189576,0,53917
7900,189600,0,53917
7901,189624,0,53917
7902,189648,0,53917
7903,189672,0,53917
7904,189696,0,53917
7905,189720,0,53917
7906,189744,0,53917
7907,189768,0,53917
7908,189792,0,53917
7909,189816,0,53917
7910,189840,0,53917
7911,189864,0,53917
7912,189888,0,53917
7913,189912,0,53917
7914,189936,0,53917
7915,189960,0,53917
7916,189984,0,53917
7917,190008,0,53917
7918,190032,0,53917
7919,190056,0,53917
7920,190080,0,53917
7921,190104,0,53917
7922,190128,0,53917
7923,190152,0,53917
7924,190176,0,53917
7925,190200,0,53917
7926,190224,0,53917
7927,190248,0,53917
7928,190272,0,53917
7929,190296,0,53917
7930,190320,0,53917
7931,190344,0,53917
7932,190368,0,53917
7933,190392,0,53917
7934,190416,0,53917
7935,190440,0,53917
7936,190464,0,53917
7937,190488,0,53917
7938,190512,0,53917
7939,190536,0,53917
7940,190560,0,53917
7941,190584,0,53917
7942,190608,0,53917
7943,190632,0,53917
7944,190656,0,53917
7945,190680,0,53917
7946,190704,0,53917
7947,190728,0,53917
7948,190752,0,53917
7949,190776,0,53917
7950,190800,0,53917
7951,190824,0,53917
7952,190848,0,53917
7953,190872,0,53917
7954,190896,0,53917
7955,190920,0,53917
7956,190944,0,53917
7957,190968,0,53917
7958,190992,0,53917
7959,191016,0,53917
7960,191040,0,53917
7961,191064,0,53917
7962,191088,0,53917
7963,191112,0,53917
7964,191136,0,53917
7965,191160,0,53917
7966,191184,0,53917
7967,191208,0,53917
7968,191232,0,53917
7969,191256,0,53917
7970,191280,0,53917
7971,191304,0,53917
7972,191328,0,53917
7973,191352,0,53917
7974,191376,0,53917
7975,191400,0,53917
7976,191424,0,53917
7977,191448,0,53917
7978,191472,0,53917
7979,191496,0,53917
7980,191520,0,53917
7981,191544,0,53917
7982,191568,0,53917
7983,191592,0,53917
7984,191616,0,53917
7985,191640,0,53917
7986,191664,0,53917
7987,191688,0,53917
7988,191712,0,53917
7989,191736,0,53917
7990,191760,0,53917
7991,191784,0,53917
7992,191808,0,53917
7993,191832,0,53917
7994,191856,0,53917
7995,191880,0,53917
7996,191904,0,53917
7997,191928,0,53917
7998,191952,0,53917
7999,191976,0,53917
8000,192000,0,53917
8001,192024,0,53917
8002,192048,0,53917
8003,192072,0,53917
8004,192096,0,53917
8005,192120,0,53917
8006,192144,0,53917
8007,192168,0,53917
8008,192192,0,53917
8009,192216,0,53917
8010,192240,0,53917
8011,192264,0,53917
8012,192288,0,53917
8013,192312,0,53917
8014,192336,0,53917
8015,192360,0,53917
8016,192384,0,53917
8017,192408,0,53917
8018,192432,0,53917
8019,192456,0,53917
8020,192480,0,53917
8021,192504,0,53917
8022,192528,0,53917
8023,192552,0,53917
8024,192576,0,53917
8025,192600,0,53917
8026,192624,0,53917
8027,192648,0,53917
8028,192672,0,53917
8029,192696,0,53917
8030,192720,0,53917
8031,192744,0,53917
8032,192768,0,53917
8033,192792,0,53917
8034,192816,0,53917
8035,192840,0,53917
8036,192864,0,53917
8037,192888,0,53917
8038,192912,0,53917
8039,192936,0,53917
8040,192960,0,53917
8041,192984,0,53917
8042,193008,0,53917
8043,193032,0,53917
8044,193056,0,53917
8045,193080,0,53917
8046,193104,0,53917
8047,193128,0,53917
8048,193152,0,53917
8049,193176,0,53917
8050,193200,0,53917
8051,193224,0,53917
8052,193248,0,53917
8053,193272,0,53917
8054,193296,0,53917
8055,193320,0,53917
8056,193344,0,53917
8057,193368,0,53917
8058,193392,0,53917
8059,193416,0,53917
8060,193440,0,53917
8061,193464,0,53917
8062,193488,0,53917
8063,193512,0,53917
8064,193536,0,53917
8065,193560,0,53917
8066,193584,0,53917
8067,193608,0,53917
8068,193632,0,53917
8069,193656,0,53917
8070,193680,0,53917
8071,193704,0,53917
8072,193728,0,53917
8073,193752,0,53917
8074,193776,0,53917
8075,193800,0,53917
8076,193824,0,53917
8077,193848,0,53917
8078,193872,0,53917
8079,193896,0,53917
8080,193920,0,53917
8081,193944,0,53917
8082,193968,0,53917
8083,193992,0,53917
8084,194016,0,53917
8085,194040,0,53917
8086,194064,0,53917
8087,194088,0,53917
8088,194112,0,53917
8089,194136,0,53917
8090,194160,0,53917
8091,194184,0,53917
8092,194208,0,53917
8093,194232,0,53917
8094,194256,0,53917
8095,194280,0,53917
8096,194304,0,53917
8097,194328,0,53917
8098,194352,0,53917
8099,194376,0,53917
8100,194400,0,53917
8101,194424,0,53917
8102,194448,0,53917
8103,194472,0,53917
8104,194496,0,53917
8105,194520,0,53917
8106,194544,0,53917
8107,194568,0,53917
8108,194592,0,53917
8109,194616,0,53917
8110,194640,0,53917
8111,194664,0,53917
8112,194688,0,53917
8113,194712,0,53917
8114,194736,0,53917
8115,194760,0,53917
8116,194784,0,53917
8117,194808,0,53917
8118,194832,0,53917
8119,194856,0,53917
8120,194880,0,53917
8121,194904,0,53917
8122,194928,1,53917
8123,194952,0,53917
8124,194976,0,53917
8125,195000,0,53917
8126,195024,0,53917
8127,195048,0,53917
8128,195072,0,53917
8129,195096,1,53917
8130,195120,1,53917
8131,195144,0,53917
8132,195168,0,53917
8133,195192,0,53917
8134,195216,0,53917
8135,195240,0,53917
8136,195264,0,53917
8137,195288,0,53917
8138,195312,0,53917
8139,195336,0,53917
8140,195360,0,53917
8141,195384,0,53917
8142,195408,0,53917
8143,195432,0,53917
8144,195456,0,53917
8145,195480,0,53917
8146,195504,0,53917
8147,195528,0,53917
8148,195552,0,53917
8149,195576,0,53917
8150,195600,0,53917
8151,195624,0,53917
8152,195648,0,53917
8153,195672,0,53917
8154,195696,0,53917
8155,195720,0,53917
8156,195744,0,53917
8157,195768,0,53917
8158,195792,0,53917
8159,195816,0,53917
8160,195840,0,53917
8161,195864,0,53917
8162,195888,0,53917
8163,195912,0,53917
8164,195936,0,53917
8165,195960,0,53917
8166,195984,0,53917
8167,196008,0,53917
8168,196032,0,53917
8169,196056,0,53917
8170,196080,0,53917
8171,196104,0,53917
8172,196128,0,53917
8173,196152,0,53917
8174,196176,1,53917
8175,196200,0,53917
8176,196224,0,53917
8177,196248,0,53917
8178,196272,0,53917
8179,196296,0,53917
8180,196320,0,53917
8181,196344,0,53917
8182,196368,0,53917
8183,196392,0,53917
8184,196416,0,53917
8185,196440,0,53917
8186,196464,0,53917
8187,196488,0,53917
8188,196512,0,53917
8189,196536,0,53917
8190,196560,0,53917
8191,196584,0,53917
8192,196608,0,53917
8193,196632,0,53917
8194,196656,0,53917
8195,196680,0,53917
8196,196704,0,53917
8197,196728,0,53917
8198,196752,0,53917
8199,196776,0,53917
8200,196800,0,53917
8201,196824,0,53917
8202,196848,0,53917
8203,196872,0,53917
8204,196896,0,53917
8205,196920,0,53917
8206,196944,0,53917
8207,196968,0,53917
8208,196992,0,53917
8209,197016,0,53917
8210,197040,0,53917
8211,197064,0,53917
8212,197088,0,53917
8213,197112,0,53917
8214,197136,0,53917
8215,197160,0,53917
8216,197184,0,53917
8217,197208,0,53917
8218,197232,0,53917
8219,197256,0,53917
8220,197280,0,53917
8221,197304,0,53917
8222,197328,0,53917
8223,197352,0,53917
8224,197376,0,53917
8225,197400,0,53917
8226,197424,0,53917
8227,197448,0,53917
8228,197472,0,53917
8229,197496,0,53917
8230,197520,0,53917
8231,197544,0,53917
8232,197568,1,53917
8233,197592,1,53917
8234,197616,1,53917
8235,197640,1,53917
8236,197664,0,53917
8237,197688,1,53917
8238,197712,1,53917
8239,197736,1,53917
8240,197760,0,53917
8241,197784,0,53917
8242,197808,0,53917
8243,197832,0,53917
8244,197856,0,53917
8245,197880,1,53917
8246,197904,1,53917
8247,197928,1,53917
8248,197952,0,53917
8249,197976,0,53917
8250,198000,0,53917
8251,198024,0,53917
8252,198048,0,53917
8253,198072,0,53917
8254,198096,0,53917
8255,198120,0,53917
8256,198144,0,53917
8257,198168,0,53917
8258,198192,0,53917
8259,198216,0,53917
8260,198240,0,53917
8261,198264,0,53917
8262,198288,0,53917
8263,198312,0,53917
8264,198336,0,53917
8265,198360,0,53917
8266,198384,0,53917
8267,198408,0,53917
8268,198432,0,53917
8269,198456,0,53917
8270,198480,0,53917
8271,198504,0,53917
8272,198528,0,53917
8273,198552,0,53917
8274,198576,1,53917
8275,198600,1,53917
8276,198624,1,53917
8277,198648,0,53917
8278,198672,1,53917
8279,198696,1,53917
8280,198720,1,53917
8281,198744,1,53917
8282,198768,1,53917
8283,198792,1,53917
8284,198816,0,53917
8285,198840,1,53917
8286,198864,0,53917
8287,198888,0,53917
8288,198912,0,53917
8289,198936,0,53917
8290,198960,1,53917
8291,198984,1,53917
8292,199008,0,53917
8293,199032,0,53917
8294,199056,1,53917
8295,199080,1,53917
8296,199104,0,53917
8297,199128,0,53917
8298,199152,1,53917
8299,199176,0,53917
8300,199200,0,53917
8301,199224,1,53917
8302,199248,0,53917
8303,199272,0,53917
8304,199296,0,53917
8305,199320,0,53917
8306,199344,0,53917
8307,199368,0,53917
8308,199392,0,53917
8309,199416,0,53917
8310,199440,0,53917
8311,199464,1,53917
8312,199488,1,53917
8313,199512,1,53917
8314,199536,1,53917
8315,199560,0,53917
8316,199584,1,53917
8317,199608,1,53917
8318,199632,1,53917
8319,199656,1,53917
8320,199680,1,53917
8321,199704,1,53917
8322,199728,0,53917
8323,199752,0,53917
8324,199776,0,53917
8325,199800,1,53917
8326,199824,0,53917
8327,199848,1,53917
8328,199872,0,53917
8329,199896,0,53917
8330,199920,1,53917
8331,199944,0,53917
8332,199968,0,53917
8333,199992,1,53917
8334,200016,1,53917
8335,200040,1,53917
8336,200064,1,53917
8337,200088,0,53917
8338,200112,0,53917
8339,200136,1,53917
8340,200160,1,53917
8341,200184,1,53917
8342,200208,1,53917
8343,200232,1,53917
8344,200256,1,53917
8345,200280,1,53917
8346,200304,0,53917
8347,200328,0,53917
8348,200352,1,53917
8349,200376,1,53917
8350,200400,1,53917
8351,200424,1,53917
8352,200448,1,53917
8353,200472,1,53917
8354,200496,1,53917
8355,200520,1,53917
8356,200544,1,53917
8357,200568,1,53917
8358,200592,1,53917
8359,200616,1,53917
8360,200640,1,53917
8361,200664,0,53917
8362,200688,0,53917
8363,200712,0,53917
8364,200736,0,53917
8365,200760,0,53917
8366,200784,0,53917
8367,200808,1,53917
8368,200832,1,53917
8369,200856,1,53917
8370,200880,1,53917
8371,200904,1,53917
8372,200928,1,53917
8373,200952,1,53917
8374,200976,1,53917
8375,201000,1,53917
8376,201024,1,53917
8377,201048,1,53917
8378,201072,1,53917
8379,201096,1,53917
8380,201120,1,53917
8381,201144,1,53917
8382,201168,1,53917
8383,201192,1,53917
8384,201216,1,53917
8385,201240,1,53917
8386,201264,1,53917
8387,201288,1,53917
8388,201312,1,53917
8389,201336,1,53917
8390,201360,1,53917
8391,201384,1,53917
8392,201408,1,53917
8393,201432,1,53917
8394,201456,1,53917
8395,201480,1,53917
8396,201504,1,53917
8397,201528,1,53917
8398,201552,1,53917
8399,201576,1,53917
8400,201600,1,53917
8401,201624,1,53917
8402,201648,1,53917
8403,201672,1,53917
8404,201696,1,53917
8405,201720,1,53917
8406,201744,1,53917
8407,201768,1,53917
8408,201792,1,53917
8409,201816,1,53917
8410,201840,1,53917
8411,201864,1,53917
8412,201888,0,53917
8413,201912,1,53917
8414,201936,1,53917
8415,201960,1,53917
8416,201984,1,53917
8417,202008,1,53917
8418,202032,1,53917
8419,202056,1,53917
8420,202080,1,53917
8421,202104,1,53917
8422,202128,1,53917
8423,202152,1,53917
8424,202176,1,53917
8425,202200,1,53917
8426,202224,1,53917
8427,202248,1,53917
8428,202272,1,53917
8429,202296,1,53917
8430,202320,1,53917
8431,202344,1,53917
8432,202368,1,53917
8433,202392,1,53917
8434,202416,1,53917
8435,202440,1,53917
8436,202464,1,53917
8437,202488,0,53917
8438,202512,0,53917
8439,202536,0,53917
8440,202560,1,53917
8441,202584,1,53917
8442,202608,1,53917
8443,202632,1,53917
8444,202656,0,53917
8445,202680,1,53917
8446,202704,1,53917
8447,202728,1,53917
8448,202752,0,53917
8449,202776,0,53917
8450,202800,0,53917
8451,202824,0,53917
8452,202848,0,53917
8453,202872,0,53917
8454,202896,0,53917
8455,202920,0,53917
8456,202944,0,53917
8457,202968,0,53917
8458,202992,0,53917
8459,203016,0,53917
8460,203040,0,53917
8461,203064,0,53917
8462,203088,0,53917
8463,203112,0,53917
8464,203136,0,53917
8465,203160,0,53917
8466,203184,0,53917
8467,203208,0,53917
8468,203232,0,53917
8469,203256,0,53917
8470,203280,0,53917
8471,203304,0,53917
8472,203328,0,53917
8473,203352,0,53917
8474,203376,0,53917
8475,203400,0,53917
8476,203424,0,53917
8477,203448,0,53917
8478,203472,0,53917
8479,203496,0,53917
8480,203520,0,53917
8481,203544,0,53917
8482,203568,0,53917
8483,203592,1,53917
8484,203616,0,53917
8485,203640,0,53917
8486,203664,0,53917
8487,203688,0,53917
8488,203712,0,53917
8489,203736,0,53917
8490,203760,0,53917
8491,203784,0,53917
8492,203808,0,53917
8493,203832,0,53917
8494,203856,0,53917
8495,203880,0,53917
8496,203904,0,53917
8497,203928,0,53917
8498,203952,0,53917
8499,203976,0,53917
8500,204000,0,53917
8501,204024,0,53917
8502,204048,0,53917
8503,204072,0,53917
8504,204096,0,53917
8505,204120,0,53917
8506,204144,0,53917
8507,204168,0,53917
8508,204192,0,53917
8509,204216,0,53917
8510,204240,0,53917
8511,204264,0,53917
8512,204288,0,53917
8513,204312,0,53917
8514,204336,0,53917
8515,204360,0,53917
8516,204384,0,53917
8517,204408,0,53917
8518,204432,1,53917
8519,204456,0,53917
8520,204480,0,53917
8521,204504,0,53917
8522,204528,0,53917
8523,204552,0,53917
8524,204576,0,53917
8525,204600,0,53917
8526,204624,0,53917
8527,204648,0,53917
8528,204672,1,53917
8529,204696,0,53917
8530,204720,0,53917
8531,204744,0,53917
8532,204768,0,53917
8533,204792,0,53917
8534,204816,0,53917
8535,204840,0,53917
8536,204864,0,53917
8537,204888,0,53917
8538,204912,0,53917
8539,204936,0,53917
8540,204960,0,53917
8541,204984,0,53917
8542,205008,0,53917
8543,205032,0,53917
8544,205056,0,53917
8545,205080,0,53917
8546,205104,0,53917
8547,205128,0,53917
8548,205152,0,53917
8549,205176,0,53917
8550,205200,0,53917
8551,205224,0,53917
8552,205248,0,53917
8553,205272,0,53917
8554,205296,0,53917
8555,205320,0,53917
8556,205344,0,53917
8557,205368,0,53917
8558,205392,0,53917
8559,205416,0,53917
8560,205440,0,53917
8561,205464,0,53917
8562,205488,0,53917
8563,205512,0,53917
8564,205536,0,53917
8565,205560,0,53917
8566,205584,0,53917
8567,205608,0,53917
8568,205632,0,53917
8569,205656,0,53917
8570,205680,0,53917
8571,205704,0,53917
8572,205728,0,53917
8573,205752,0,53917
8574,205776,0,53917
8575,205800,0,53917
8576,205824,0,53917
8577,205848,0,53917
8578,205872,0,53917
8579,205896,0,53917
8580,205920,0,53917
8581,205944,0,53917
8582,205968,0,53917
8583,205992,0,53917
8584,206016,0,53917
8585,206040,0,53917
8586,206064,0,53917
8587,206088,0,53917
8588,206112,0,53917
8589,206136,0,53917
8590,206160,0,53917
8591,206184,0,53917
8592,206208,0,53917
8593,206232,0,53917
8594,206256,0,53917
8595,206280,0,53917
8596,206304,0,53917
8597,206328,0,53917
8598,206352,0,53917
8599,206376,0,53917
8600,206400,0,53917
8601,206424,0,53917
8602,206448,0,53917
8603,206472,0,53917
8604,206496,0,53917
8605,206520,0,53917
8606,206544,0,53917
8607,206568,0,53917
8608,206592,0,53917
8609,206616,0,53917
8610,206640,0,53917
8611,206664,0,53917
8612,206688,0,53917
8613,206712,0,53917
8614,206736,0,53917
8615,206760,0,53917
8616,206784,0,53917
8617,206808,0,53917
8618,206832,0,53917
8619,206856,0,53917
8620,206880,0,53917
8621,206904,0,53917
8622,206928,0,53917
8623,206952,0,53917
8624,206976,0,53917
8625,207000,0,53917
8626,207024,0,53917
8627,207048,0,53917
8628,207072,0,53917
8629,207096,0,53917
8630,207120,0,53917
8631,207144,0,53917
8632,207168,0,53917
8633,207192,0,53917
8634,207216,0,53917
8635,207240,0,53917
8636,207264,0,53917
8637,207288,0,53917
8638,207312,0,53917
8639,207336,0,53917
8640,207360,0,53917
8641,207384,0,53917
8642,207408,0,53917
8643,207432,0,53917
8644,207456,0,53917
8645,207480,0,53917
8646,207504,0,53917
8647,207528,0,53917
8648,207552,0,53917
8649,207576,0,53917
8650,207600,0,53917
8651,207624,0,53917
8652,207648,0,53917
8653,207672,0,53917
8654,207696,0,53917
8655,207720,0,53917
8656,207744,0,53917
8657,207768,0,53917
8658,207792,0,53917
8659,207816,0,53917
8660,207840,0,53917
8661,207864,0,53917
8662,207888,0,53917
8663,207912,0,53917
8664,207936,0,53917
8665,207960,0,53917
8666,207984,0,53917
8667,208008,0,53917
8668,208032,0,53917
8669,208056,0,53917
8670,208080,0,53917
8671,208104,0,53917
8672,208128,0,53917
8673,208152,0,53917
8674,208176,0,53917
8675,208200,0,53917
8676,208224,0,53917
8677,208248,0,53917
8678,208272,0,53917
8679,208296,0,53917
8680,208320,0,53917
8681,208344,0,53917
8682,208368,0,53917
8683,208392,0,53917
8684,208416,0,53917
8685,208440,0,53917
8686,208464,0,53917
8687,208488,0,53917
8688,208512,0,53917
8689,208536,0,53917
8690,208560,0,53917
8691,208584,0,53917
8692,208608,0,53917
8693,208632,0,53917
8694,208656,0,53917
8695,208680,0,53917
8696,208704,0,53917
8697,208728,0,53917
8698,208752,0,53917
8699,208776,0,53917
8700,208800,0,53917
8701,208824,0,53917
8702,208848,0,53917
8703,208872,0,53917
8704,208896,0,53917
8705,208920,0,53917
8706,208944,0,53917
8707,208968,0,53917
8708,208992,0,53917
8709,209016,0,53917
8710,209040,0,53917
8711,209064,0,53917
8712,209088,0,53917
8713,209112,0,53917
8714,209136,0,53917
8715,209160,0,53917
8716,209184,0,53917
8717,209208,0,53917
8718,209232,0,53917
8719,209256,0,53917
8720,209280,0,53917
8721,209304,0,53917
8722,209328,0,53917
8723,209352,0,53917
8724,209376,0,53917
8725,209400,0,53917
8726,209424,0,53917
8727,209448,0,53917
8728,209472,0,53917
8729,209496,0,53917
8730,209520,0,53917
8731,209544,0,53917
8732,209568,0,53917
8733,209592,0,53917
8734,209616,1,53917
8735,209640,1,53917
8736,209664,0,53917
8737,209688,0,53917
8738,209712,0,53917
8739,209736,0,53917
8740,209760,0,53917
8741,209784,0,53917
8742,209808,0,53917
8743,209832,0,53917
8744,209856,0,53917
8745,209880,0,53917
8746,209904,0,53917
8747,209928,0,53917
8748,209952,0,53917
8749,209976,0,53917
8750,210000,0,53917
8751,210024,0,53917
8752,210048,0,53917
8753,210072,0,53917
8754,210096,1,53917
8755,210120,0,53917
8756,210144,1,53917
8757,210168,1,53917
8758,210192,0,53917
8759,210216,1,53917
8760,210240,0,53917
8761,210264,0,53917
8762,210288,0,53917
8763,210312,0,53917
8764,210336,0,53917
8765,210360,0,53917
8766,210384,0,53917
8767,210408,0,53917
8768,210432,0,53917
8769,210456,0,53917
8770,210480,0,53917
8771,210504,0,53917
8772,210528,0,53917
8773,210552,0,53917
8774,210576,0,53917
8775,210600,1,53917
8776,210624,1,53917
8777,210648,0,53917
8778,210672,1,53917
8779,210696,0,53917
8780,210720,1,53917
8781,210744,0,53917
8782,210768,1,53917
8783,210792,1,53917
8784,210816,1,53917
8785,210840,1,53917
8786,210864,0,53917
8787,210888,0,53917
8788,210912,0,53917
8789,210936,0,53917
8790,210960,1,53917
8791,210984,1,53917
8792,211008,1,53917
8793,211032,1,53917
8794,211056,1,53917
8795,211080,1,53917
8796,211104,1,53917
8797,211128,1,53917
8798,211152,1,53917
8799,211176,1,53917
8800,211200,1,53917
8801,211224,1,53917
8802,211248,1,53917
8803,211272,1,53917
8804,211296,1,53917
8805,211320,1,53917
8806,211344,1,53917
8807,211368,1,53917
8808,211392,1,53917
8809,211416,1,53917
8810,211440,1,53917
8811,211464,1,53917
8812,211488,1,53917
8813,211512,1,53917
8814,211536,1,53917
8815,211560,1,53917
8816,211584,1,53917
8817,211608,0,53917
8818,211632,1,53917
8819,211656,1,53917
8820,211680,1,53917
8821,211704,0,53917
8822,211728,1,53917
8823,211752,1,53917
8824,211776,1,53917
8825,211800,1,53917
8826,211824,1,53917
8827,211848,1,53917
8828,211872,1,53917
8829,211896,1,53917
8830,211920,1,53917
8831,211944,1,53917
8832,211968,1,53917
8833,211992,1,53917
8834,212016,1,53917
8835,212040,1,53917
8836,212064,1,53917
8837,212088,1,53917
8838,212112,1,53917
8839,212136,0,53917
8840,212160,0,53917
8841,212184,0,53917
8842,212208,0,53917
8843,212232,0,53917
8844,212256,0,53917
8845,212280,0,53917
8846,212304,1,53917
8847,212328,0,53917
8848,212352,0,53917
8849,212376,0,53917
8850,212400,0,53917
8851,212424,0,53917
8852,212448,0,53917
8853,212472,0,53917
8854,212496,0,53917
8855,212520,0,53917
8856,212544,0,53917
8857,212568,0,53917
8858,212592,0,53917
8859,212616,0,53917
8860,212640,0,53917
8861,212664,0,53917
8862,212688,0,53917
8863,212712,0,53917
8864,212736,0,53917
8865,212760,0,53917
8866,212784,0,53917
8867,212808,0,53917
8868,212832,0,53917
8869,212856,0,53917
8870,212880,0,53917
8871,212904,0,53917
8872,212928,0,53917
8873,212952,0,53917
8874,212976,0,53917
8875,213000,1,53917
8876,213024,1,53917
8877,213048,0,53917
8878,213072,0,53917
8879,213096,0,53917
8880,213120,0,53917
8881,213144,0,53917
8882,213168,0,53917
8883,213192,1,53917
8884,213216,1,53917
8885,213240,1,53917
8886,213264,1,53917
8887,213288,0,53917
8888,213312,1,53917
8889,213336,0,53917
8890,213360,1,53917
8891,213384,1,53917
8892,213408,1,53917
8893,213432,1,53917
8894,213456,1,53917
8895,213480,0,53917
8896,213504,0,53917
8897,213528,0,53917
8898,213552,0,53917
8899,213576,0,53917
8900,213600,0,53917
8901,213624,0,53917
8902,213648,0,53917
8903,213672,0,53917
8904,213696,0,53917
8905,213720,0,53917
8906,213744,0,53917
8907,213768,0,53917
8908,213792,0,53917
8909,213816,0,53917
8910,213840,0,53917
8911,213864,0,53917
8912,213888,0,53917
8913,213912,0,53917
8914,213936,0,53917
8915,213960,0,53917
8916,213984,0,53917
8917,214008,0,53917
8918,214032,0,53917
8919,214056,0,53917
8920,214080,0,53917
8921,214104,0,53917
8922,214128,0,53917
8923,214152,0,53917
8924,214176,0,53917
8925,214200,0,53917
8926,214224,0,53917
8927,214248,0,53917
8928,214272,0,53917
8929,214296,0,53917
8930,214320,0,53917
8931,214344,0,53917
8932,214368,0,53917
8933,214392,0,53917
8934,214416,0,53917
8935,214440,0,53917
8936,214464,0,53917
8937,214488,0,53917
8938,214512,0,53917
8939,214536,0,53917
8940,214560,0,53917
8941,214584,0,53917
8942,214608,0,53917
8943,214632,0,53917
8944,214656,0,53917
8945,214680,0,53917
8946,214704,0,53917
8947,214728,0,53917
8948,214752,0,53917
8949,214776,0,53917
8950,214800,0,53917
8951,214824,0,53917
8952,214848,0,53917
8953,214872,0,53917
8954,214896,0,53917
8955,214920,0,53917
8956,214944,0,53917
8957,214968,0,53917
8958,214992,0,53917
8959,215016,0,53917
8960,215040,0,53917
8961,215064,0,53917
8962,215088,0,53917
8963,215112,0,53917
8964,215136,0,53917
8965,215160,0,53917
8966,215184,0,53917
8967,215208,0,53917
8968,215232,1,53917
8969,215256,1,53917
8970,215280,1,53917
8971,215304,0,53917
8972,215328,0,53917
8973,215352,1,53917
8974,215376,1,53917
8975,215400,1,53917
8976,215424,1,53917
8977,215448,1,53917
8978,215472,1,53917
8979,215496,0,53917
8980,215520,0,53917
8981,215544,0,53917
8982,215568,0,53917
8983,215592,0,53917
8984,215616,0,53917
8985,215640,0,53917
8986,215664,0,53917
8987,215688,0,53917
8988,215712,0,53917
