,frame_num,car,imdb_id
0,0,0,39532
1,24,0,39532
2,48,0,39532
3,72,0,39532
4,96,0,39532
5,120,0,39532
6,144,0,39532
7,168,0,39532
8,192,0,39532
9,216,0,39532
10,240,0,39532
11,264,0,39532
12,288,0,39532
13,312,0,39532
14,336,0,39532
15,360,0,39532
16,384,0,39532
17,408,0,39532
18,432,0,39532
19,456,0,39532
20,480,0,39532
21,504,0,39532
22,528,0,39532
23,552,0,39532
24,576,0,39532
25,600,0,39532
26,624,0,39532
27,648,0,39532
28,672,0,39532
29,696,0,39532
30,720,0,39532
31,744,0,39532
32,768,0,39532
33,792,0,39532
34,816,0,39532
35,840,0,39532
36,864,0,39532
37,888,0,39532
38,912,0,39532
39,936,0,39532
40,960,0,39532
41,984,0,39532
42,1008,0,39532
43,1032,0,39532
44,1056,0,39532
45,1080,0,39532
46,1104,0,39532
47,1128,0,39532
48,1152,0,39532
49,1176,0,39532
50,1200,0,39532
51,1224,0,39532
52,1248,0,39532
53,1272,0,39532
54,1296,0,39532
55,1320,0,39532
56,1344,0,39532
57,1368,0,39532
58,1392,0,39532
59,1416,0,39532
60,1440,0,39532
61,1464,0,39532
62,1488,0,39532
63,1512,0,39532
64,1536,0,39532
65,1560,0,39532
66,1584,0,39532
67,1608,0,39532
68,1632,0,39532
69,1656,0,39532
70,1680,0,39532
71,1704,0,39532
72,1728,0,39532
73,1752,0,39532
74,1776,0,39532
75,1800,0,39532
76,1824,0,39532
77,1848,0,39532
78,1872,0,39532
79,1896,0,39532
80,1920,0,39532
81,1944,0,39532
82,1968,0,39532
83,1992,0,39532
84,2016,0,39532
85,2040,0,39532
86,2064,0,39532
87,2088,0,39532
88,2112,0,39532
89,2136,0,39532
90,2160,0,39532
91,2184,0,39532
92,2208,0,39532
93,2232,0,39532
94,2256,0,39532
95,2280,0,39532
96,2304,0,39532
97,2328,0,39532
98,2352,0,39532
99,2376,0,39532
100,2400,0,39532
101,2424,0,39532
102,2448,0,39532
103,2472,0,39532
104,2496,0,39532
105,2520,0,39532
106,2544,0,39532
107,2568,0,39532
108,2592,0,39532
109,2616,0,39532
110,2640,0,39532
111,2664,0,39532
112,2688,0,39532
113,2712,0,39532
114,2736,0,39532
115,2760,0,39532
116,2784,0,39532
117,2808,0,39532
118,2832,0,39532
119,2856,0,39532
120,2880,0,39532
121,2904,0,39532
122,2928,0,39532
123,2952,0,39532
124,2976,0,39532
125,3000,0,39532
126,3024,0,39532
127,3048,0,39532
128,3072,0,39532
129,3096,0,39532
130,3120,0,39532
131,3144,0,39532
132,3168,0,39532
133,3192,0,39532
134,3216,0,39532
135,3240,0,39532
136,3264,0,39532
137,3288,0,39532
138,3312,0,39532
139,3336,0,39532
140,3360,0,39532
141,3384,0,39532
142,3408,0,39532
143,3432,0,39532
144,3456,0,39532
145,3480,0,39532
146,3504,0,39532
147,3528,0,39532
148,3552,0,39532
149,3576,0,39532
150,3600,0,39532
151,3624,0,39532
152,3648,0,39532
153,3672,0,39532
154,3696,0,39532
155,3720,0,39532
156,3744,0,39532
157,3768,0,39532
158,3792,0,39532
159,3816,0,39532
160,3840,0,39532
161,3864,0,39532
162,3888,0,39532
163,3912,0,39532
164,3936,0,39532
165,3960,0,39532
166,3984,0,39532
167,4008,0,39532
168,4032,0,39532
169,4056,0,39532
170,4080,0,39532
171,4104,0,39532
172,4128,0,39532
173,4152,0,39532
174,4176,0,39532
175,4200,0,39532
176,4224,0,39532
177,4248,0,39532
178,4272,0,39532
179,4296,0,39532
180,4320,0,39532
181,4344,0,39532
182,4368,0,39532
183,4392,0,39532
184,4416,0,39532
185,4440,0,39532
186,4464,0,39532
187,4488,0,39532
188,4512,0,39532
189,4536,0,39532
190,4560,0,39532
191,4584,0,39532
192,4608,0,39532
193,4632,0,39532
194,4656,0,39532
195,4680,0,39532
196,4704,0,39532
197,4728,0,39532
198,4752,0,39532
199,4776,0,39532
200,4800,0,39532
201,4824,0,39532
202,4848,0,39532
203,4872,0,39532
204,4896,0,39532
205,4920,0,39532
206,4944,0,39532
207,4968,0,39532
208,4992,0,39532
209,5016,0,39532
210,5040,0,39532
211,5064,0,39532
212,5088,0,39532
213,5112,0,39532
214,5136,0,39532
215,5160,0,39532
216,5184,0,39532
217,5208,0,39532
218,5232,0,39532
219,5256,0,39532
220,5280,0,39532
221,5304,0,39532
222,5328,0,39532
223,5352,0,39532
224,5376,0,39532
225,5400,0,39532
226,5424,0,39532
227,5448,0,39532
228,5472,0,39532
229,5496,0,39532
230,5520,0,39532
231,5544,0,39532
232,5568,0,39532
233,5592,0,39532
234,5616,0,39532
235,5640,0,39532
236,5664,0,39532
237,5688,0,39532
238,5712,0,39532
239,5736,0,39532
240,5760,0,39532
241,5784,0,39532
242,5808,0,39532
243,5832,0,39532
244,5856,0,39532
245,5880,0,39532
246,5904,0,39532
247,5928,0,39532
248,5952,0,39532
249,5976,0,39532
250,6000,0,39532
251,6024,0,39532
252,6048,0,39532
253,6072,0,39532
254,6096,0,39532
255,6120,0,39532
256,6144,0,39532
257,6168,0,39532
258,6192,0,39532
259,6216,0,39532
260,6240,0,39532
261,6264,0,39532
262,6288,0,39532
263,6312,0,39532
264,6336,0,39532
265,6360,0,39532
266,6384,0,39532
267,6408,0,39532
268,6432,0,39532
269,6456,0,39532
270,6480,0,39532
271,6504,0,39532
272,6528,0,39532
273,6552,0,39532
274,6576,0,39532
275,6600,0,39532
276,6624,0,39532
277,6648,0,39532
278,6672,0,39532
279,6696,0,39532
280,6720,0,39532
281,6744,0,39532
282,6768,0,39532
283,6792,0,39532
284,6816,0,39532
285,6840,0,39532
286,6864,0,39532
287,6888,0,39532
288,6912,0,39532
289,6936,0,39532
290,6960,0,39532
291,6984,0,39532
292,7008,0,39532
293,7032,0,39532
294,7056,0,39532
295,7080,0,39532
296,7104,0,39532
297,7128,0,39532
298,7152,0,39532
299,7176,0,39532
300,7200,0,39532
301,7224,0,39532
302,7248,0,39532
303,7272,0,39532
304,7296,0,39532
305,7320,0,39532
306,7344,0,39532
307,7368,0,39532
308,7392,0,39532
309,7416,0,39532
310,7440,0,39532
311,7464,0,39532
312,7488,0,39532
313,7512,0,39532
314,7536,0,39532
315,7560,0,39532
316,7584,0,39532
317,7608,0,39532
318,7632,0,39532
319,7656,0,39532
320,7680,0,39532
321,7704,0,39532
322,7728,0,39532
323,7752,0,39532
324,7776,0,39532
325,7800,0,39532
326,7824,0,39532
327,7848,0,39532
328,7872,0,39532
329,7896,0,39532
330,7920,0,39532
331,7944,0,39532
332,7968,0,39532
333,7992,0,39532
334,8016,0,39532
335,8040,0,39532
336,8064,0,39532
337,8088,0,39532
338,8112,0,39532
339,8136,0,39532
340,8160,0,39532
341,8184,0,39532
342,8208,0,39532
343,8232,0,39532
344,8256,0,39532
345,8280,0,39532
346,8304,0,39532
347,8328,0,39532
348,8352,0,39532
349,8376,0,39532
350,8400,0,39532
351,8424,0,39532
352,8448,0,39532
353,8472,0,39532
354,8496,0,39532
355,8520,0,39532
356,8544,0,39532
357,8568,0,39532
358,8592,0,39532
359,8616,0,39532
360,8640,0,39532
361,8664,1,39532
362,8688,1,39532
363,8712,1,39532
364,8736,1,39532
365,8760,0,39532
366,8784,0,39532
367,8808,0,39532
368,8832,0,39532
369,8856,0,39532
370,8880,0,39532
371,8904,0,39532
372,8928,0,39532
373,8952,0,39532
374,8976,0,39532
375,9000,0,39532
376,9024,0,39532
377,9048,0,39532
378,9072,0,39532
379,9096,0,39532
380,9120,1,39532
381,9144,1,39532
382,9168,1,39532
383,9192,0,39532
384,9216,1,39532
385,9240,1,39532
386,9264,1,39532
387,9288,1,39532
388,9312,1,39532
389,9336,1,39532
390,9360,1,39532
391,9384,1,39532
392,9408,0,39532
393,9432,0,39532
394,9456,0,39532
395,9480,0,39532
396,9504,1,39532
397,9528,0,39532
398,9552,0,39532
399,9576,0,39532
400,9600,0,39532
401,9624,0,39532
402,9648,0,39532
403,9672,0,39532
404,9696,0,39532
405,9720,0,39532
406,9744,0,39532
407,9768,0,39532
408,9792,0,39532
409,9816,0,39532
410,9840,0,39532
411,9864,0,39532
412,9888,0,39532
413,9912,0,39532
414,9936,0,39532
415,9960,0,39532
416,9984,0,39532
417,10008,0,39532
418,10032,0,39532
419,10056,0,39532
420,10080,0,39532
421,10104,0,39532
422,10128,0,39532
423,10152,0,39532
424,10176,0,39532
425,10200,0,39532
426,10224,0,39532
427,10248,0,39532
428,10272,0,39532
429,10296,0,39532
430,10320,0,39532
431,10344,0,39532
432,10368,0,39532
433,10392,0,39532
434,10416,0,39532
435,10440,0,39532
436,10464,0,39532
437,10488,0,39532
438,10512,0,39532
439,10536,1,39532
440,10560,0,39532
441,10584,0,39532
442,10608,0,39532
443,10632,0,39532
444,10656,0,39532
445,10680,0,39532
446,10704,1,39532
447,10728,1,39532
448,10752,0,39532
449,10776,0,39532
450,10800,0,39532
451,10824,1,39532
452,10848,1,39532
453,10872,1,39532
454,10896,1,39532
455,10920,1,39532
456,10944,1,39532
457,10968,1,39532
458,10992,1,39532
459,11016,1,39532
460,11040,1,39532
461,11064,1,39532
462,11088,0,39532
463,11112,0,39532
464,11136,0,39532
465,11160,0,39532
466,11184,0,39532
467,11208,0,39532
468,11232,0,39532
469,11256,0,39532
470,11280,0,39532
471,11304,0,39532
472,11328,0,39532
473,11352,0,39532
474,11376,0,39532
475,11400,0,39532
476,11424,0,39532
477,11448,0,39532
478,11472,0,39532
479,11496,0,39532
480,11520,0,39532
481,11544,0,39532
482,11568,0,39532
483,11592,0,39532
484,11616,0,39532
485,11640,0,39532
486,11664,0,39532
487,11688,0,39532
488,11712,0,39532
489,11736,0,39532
490,11760,0,39532
491,11784,0,39532
492,11808,0,39532
493,11832,0,39532
494,11856,0,39532
495,11880,0,39532
496,11904,0,39532
497,11928,0,39532
498,11952,0,39532
499,11976,1,39532
500,12000,0,39532
501,12024,0,39532
502,12048,0,39532
503,12072,0,39532
504,12096,0,39532
505,12120,0,39532
506,12144,0,39532
507,12168,0,39532
508,12192,0,39532
509,12216,0,39532
510,12240,0,39532
511,12264,0,39532
512,12288,0,39532
513,12312,0,39532
514,12336,0,39532
515,12360,0,39532
516,12384,0,39532
517,12408,0,39532
518,12432,0,39532
519,12456,0,39532
520,12480,0,39532
521,12504,0,39532
522,12528,0,39532
523,12552,0,39532
524,12576,0,39532
525,12600,0,39532
526,12624,0,39532
527,12648,0,39532
528,12672,0,39532
529,12696,0,39532
530,12720,0,39532
531,12744,0,39532
532,12768,0,39532
533,12792,0,39532
534,12816,0,39532
535,12840,0,39532
536,12864,0,39532
537,12888,0,39532
538,12912,0,39532
539,12936,0,39532
540,12960,1,39532
541,12984,0,39532
542,13008,1,39532
543,13032,0,39532
544,13056,0,39532
545,13080,0,39532
546,13104,0,39532
547,13128,0,39532
548,13152,0,39532
549,13176,0,39532
550,13200,0,39532
551,13224,0,39532
552,13248,0,39532
553,13272,0,39532
554,13296,0,39532
555,13320,1,39532
556,13344,0,39532
557,13368,0,39532
558,13392,1,39532
559,13416,1,39532
560,13440,1,39532
561,13464,0,39532
562,13488,0,39532
563,13512,0,39532
564,13536,0,39532
565,13560,0,39532
566,13584,0,39532
567,13608,0,39532
568,13632,0,39532
569,13656,0,39532
570,13680,0,39532
571,13704,0,39532
572,13728,0,39532
573,13752,0,39532
574,13776,0,39532
575,13800,0,39532
576,13824,0,39532
577,13848,0,39532
578,13872,0,39532
579,13896,0,39532
580,13920,0,39532
581,13944,0,39532
582,13968,0,39532
583,13992,0,39532
584,14016,0,39532
585,14040,0,39532
586,14064,0,39532
587,14088,0,39532
588,14112,0,39532
589,14136,0,39532
590,14160,0,39532
591,14184,0,39532
592,14208,0,39532
593,14232,0,39532
594,14256,0,39532
595,14280,0,39532
596,14304,0,39532
597,14328,0,39532
598,14352,0,39532
599,14376,0,39532
600,14400,0,39532
601,14424,0,39532
602,14448,0,39532
603,14472,0,39532
604,14496,0,39532
605,14520,0,39532
606,14544,0,39532
607,14568,0,39532
608,14592,0,39532
609,14616,0,39532
610,14640,0,39532
611,14664,0,39532
612,14688,0,39532
613,14712,0,39532
614,14736,0,39532
615,14760,0,39532
616,14784,0,39532
617,14808,0,39532
618,14832,0,39532
619,14856,0,39532
620,14880,0,39532
621,14904,0,39532
622,14928,0,39532
623,14952,0,39532
624,14976,0,39532
625,15000,0,39532
626,15024,0,39532
627,15048,0,39532
628,15072,0,39532
629,15096,0,39532
630,15120,0,39532
631,15144,0,39532
632,15168,0,39532
633,15192,0,39532
634,15216,0,39532
635,15240,0,39532
636,15264,0,39532
637,15288,0,39532
638,15312,0,39532
639,15336,0,39532
640,15360,0,39532
641,15384,0,39532
642,15408,0,39532
643,15432,0,39532
644,15456,0,39532
645,15480,0,39532
646,15504,0,39532
647,15528,0,39532
648,15552,0,39532
649,15576,0,39532
650,15600,0,39532
651,15624,0,39532
652,15648,0,39532
653,15672,0,39532
654,15696,0,39532
655,15720,0,39532
656,15744,0,39532
657,15768,0,39532
658,15792,0,39532
659,15816,0,39532
660,15840,0,39532
661,15864,0,39532
662,15888,0,39532
663,15912,0,39532
664,15936,0,39532
665,15960,0,39532
666,15984,0,39532
667,16008,0,39532
668,16032,0,39532
669,16056,0,39532
670,16080,0,39532
671,16104,0,39532
672,16128,0,39532
673,16152,0,39532
674,16176,0,39532
675,16200,0,39532
676,16224,0,39532
677,16248,0,39532
678,16272,0,39532
679,16296,0,39532
680,16320,0,39532
681,16344,0,39532
682,16368,0,39532
683,16392,0,39532
684,16416,0,39532
685,16440,0,39532
686,16464,0,39532
687,16488,0,39532
688,16512,0,39532
689,16536,0,39532
690,16560,0,39532
691,16584,0,39532
692,16608,0,39532
693,16632,0,39532
694,16656,0,39532
695,16680,0,39532
696,16704,0,39532
697,16728,0,39532
698,16752,0,39532
699,16776,0,39532
700,16800,0,39532
701,16824,0,39532
702,16848,0,39532
703,16872,0,39532
704,16896,0,39532
705,16920,0,39532
706,16944,0,39532
707,16968,0,39532
708,16992,0,39532
709,17016,0,39532
710,17040,0,39532
711,17064,0,39532
712,17088,0,39532
713,17112,0,39532
714,17136,0,39532
715,17160,0,39532
716,17184,0,39532
717,17208,0,39532
718,17232,0,39532
719,17256,0,39532
720,17280,0,39532
721,17304,0,39532
722,17328,0,39532
723,17352,1,39532
724,17376,0,39532
725,17400,0,39532
726,17424,1,39532
727,17448,0,39532
728,17472,1,39532
729,17496,0,39532
730,17520,0,39532
731,17544,0,39532
732,17568,0,39532
733,17592,0,39532
734,17616,0,39532
735,17640,0,39532
736,17664,0,39532
737,17688,0,39532
738,17712,0,39532
739,17736,0,39532
740,17760,0,39532
741,17784,0,39532
742,17808,1,39532
743,17832,1,39532
744,17856,1,39532
745,17880,0,39532
746,17904,0,39532
747,17928,1,39532
748,17952,0,39532
749,17976,1,39532
750,18000,1,39532
751,18024,0,39532
752,18048,0,39532
753,18072,1,39532
754,18096,0,39532
755,18120,0,39532
756,18144,0,39532
757,18168,0,39532
758,18192,0,39532
759,18216,0,39532
760,18240,0,39532
761,18264,0,39532
762,18288,0,39532
763,18312,0,39532
764,18336,0,39532
765,18360,0,39532
766,18384,0,39532
767,18408,0,39532
768,18432,0,39532
769,18456,0,39532
770,18480,0,39532
771,18504,0,39532
772,18528,0,39532
773,18552,0,39532
774,18576,0,39532
775,18600,0,39532
776,18624,0,39532
777,18648,0,39532
778,18672,0,39532
779,18696,0,39532
780,18720,0,39532
781,18744,0,39532
782,18768,0,39532
783,18792,0,39532
784,18816,0,39532
785,18840,0,39532
786,18864,0,39532
787,18888,0,39532
788,18912,0,39532
789,18936,0,39532
790,18960,0,39532
791,18984,0,39532
792,19008,0,39532
793,19032,0,39532
794,19056,0,39532
795,19080,0,39532
796,19104,0,39532
797,19128,0,39532
798,19152,0,39532
799,19176,0,39532
800,19200,0,39532
801,19224,0,39532
802,19248,0,39532
803,19272,0,39532
804,19296,0,39532
805,19320,0,39532
806,19344,0,39532
807,19368,0,39532
808,19392,0,39532
809,19416,0,39532
810,19440,0,39532
811,19464,0,39532
812,19488,0,39532
813,19512,0,39532
814,19536,0,39532
815,19560,0,39532
816,19584,0,39532
817,19608,0,39532
818,19632,0,39532
819,19656,0,39532
820,19680,0,39532
821,19704,0,39532
822,19728,0,39532
823,19752,0,39532
824,19776,0,39532
825,19800,0,39532
826,19824,0,39532
827,19848,0,39532
828,19872,0,39532
829,19896,0,39532
830,19920,0,39532
831,19944,0,39532
832,19968,0,39532
833,19992,0,39532
834,20016,0,39532
835,20040,0,39532
836,20064,0,39532
837,20088,0,39532
838,20112,0,39532
839,20136,0,39532
840,20160,0,39532
841,20184,0,39532
842,20208,0,39532
843,20232,0,39532
844,20256,0,39532
845,20280,0,39532
846,20304,0,39532
847,20328,0,39532
848,20352,0,39532
849,20376,0,39532
850,20400,0,39532
851,20424,0,39532
852,20448,0,39532
853,20472,0,39532
854,20496,0,39532
855,20520,0,39532
856,20544,0,39532
857,20568,0,39532
858,20592,0,39532
859,20616,0,39532
860,20640,0,39532
861,20664,0,39532
862,20688,0,39532
863,20712,0,39532
864,20736,0,39532
865,20760,0,39532
866,20784,0,39532
867,20808,0,39532
868,20832,0,39532
869,20856,0,39532
870,20880,0,39532
871,20904,0,39532
872,20928,0,39532
873,20952,0,39532
874,20976,0,39532
875,21000,0,39532
876,21024,0,39532
877,21048,0,39532
878,21072,0,39532
879,21096,0,39532
880,21120,0,39532
881,21144,0,39532
882,21168,0,39532
883,21192,0,39532
884,21216,0,39532
885,21240,0,39532
886,21264,0,39532
887,21288,0,39532
888,21312,0,39532
889,21336,0,39532
890,21360,0,39532
891,21384,0,39532
892,21408,0,39532
893,21432,0,39532
894,21456,0,39532
895,21480,0,39532
896,21504,0,39532
897,21528,0,39532
898,21552,0,39532
899,21576,0,39532
900,21600,0,39532
901,21624,0,39532
902,21648,0,39532
903,21672,0,39532
904,21696,0,39532
905,21720,0,39532
906,21744,0,39532
907,21768,0,39532
908,21792,0,39532
909,21816,0,39532
910,21840,0,39532
911,21864,0,39532
912,21888,0,39532
913,21912,0,39532
914,21936,0,39532
915,21960,0,39532
916,21984,0,39532
917,22008,0,39532
918,22032,0,39532
919,22056,0,39532
920,22080,0,39532
921,22104,0,39532
922,22128,0,39532
923,22152,0,39532
924,22176,0,39532
925,22200,0,39532
926,22224,0,39532
927,22248,1,39532
928,22272,1,39532
929,22296,1,39532
930,22320,1,39532
931,22344,1,39532
932,22368,1,39532
933,22392,1,39532
934,22416,0,39532
935,22440,0,39532
936,22464,0,39532
937,22488,0,39532
938,22512,0,39532
939,22536,0,39532
940,22560,0,39532
941,22584,0,39532
942,22608,0,39532
943,22632,0,39532
944,22656,0,39532
945,22680,0,39532
946,22704,0,39532
947,22728,0,39532
948,22752,0,39532
949,22776,0,39532
950,22800,0,39532
951,22824,0,39532
952,22848,1,39532
953,22872,0,39532
954,22896,0,39532
955,22920,0,39532
956,22944,1,39532
957,22968,0,39532
958,22992,0,39532
959,23016,0,39532
960,23040,0,39532
961,23064,0,39532
962,23088,0,39532
963,23112,0,39532
964,23136,0,39532
965,23160,0,39532
966,23184,0,39532
967,23208,0,39532
968,23232,0,39532
969,23256,0,39532
970,23280,0,39532
971,23304,0,39532
972,23328,0,39532
973,23352,0,39532
974,23376,0,39532
975,23400,0,39532
976,23424,1,39532
977,23448,1,39532
978,23472,1,39532
979,23496,1,39532
980,23520,1,39532
981,23544,1,39532
982,23568,1,39532
983,23592,1,39532
984,23616,1,39532
985,23640,1,39532
986,23664,1,39532
987,23688,1,39532
988,23712,1,39532
989,23736,1,39532
990,23760,1,39532
991,23784,1,39532
992,23808,1,39532
993,23832,1,39532
994,23856,1,39532
995,23880,1,39532
996,23904,1,39532
997,23928,1,39532
998,23952,1,39532
999,23976,1,39532
1000,24000,1,39532
1001,24024,1,39532
1002,24048,1,39532
1003,24072,1,39532
1004,24096,1,39532
1005,24120,1,39532
1006,24144,1,39532
1007,24168,1,39532
1008,24192,1,39532
1009,24216,1,39532
1010,24240,1,39532
1011,24264,1,39532
1012,24288,1,39532
1013,24312,1,39532
1014,24336,1,39532
1015,24360,1,39532
1016,24384,1,39532
1017,24408,1,39532
1018,24432,1,39532
1019,24456,1,39532
1020,24480,1,39532
1021,24504,1,39532
1022,24528,1,39532
1023,24552,1,39532
1024,24576,1,39532
1025,24600,1,39532
1026,24624,1,39532
1027,24648,1,39532
1028,24672,1,39532
1029,24696,1,39532
1030,24720,1,39532
1031,24744,1,39532
1032,24768,1,39532
1033,24792,1,39532
1034,24816,1,39532
1035,24840,1,39532
1036,24864,1,39532
1037,24888,1,39532
1038,24912,1,39532
1039,24936,1,39532
1040,24960,1,39532
1041,24984,1,39532
1042,25008,1,39532
1043,25032,1,39532
1044,25056,1,39532
1045,25080,1,39532
1046,25104,1,39532
1047,25128,1,39532
1048,25152,1,39532
1049,25176,1,39532
1050,25200,1,39532
1051,25224,1,39532
1052,25248,1,39532
1053,25272,1,39532
1054,25296,0,39532
1055,25320,0,39532
1056,25344,0,39532
1057,25368,0,39532
1058,25392,0,39532
1059,25416,0,39532
1060,25440,0,39532
1061,25464,0,39532
1062,25488,0,39532
1063,25512,0,39532
1064,25536,0,39532
1065,25560,0,39532
1066,25584,0,39532
1067,25608,0,39532
1068,25632,0,39532
1069,25656,0,39532
1070,25680,0,39532
1071,25704,0,39532
1072,25728,0,39532
1073,25752,0,39532
1074,25776,0,39532
1075,25800,0,39532
1076,25824,0,39532
1077,25848,0,39532
1078,25872,0,39532
1079,25896,0,39532
1080,25920,0,39532
1081,25944,0,39532
1082,25968,0,39532
1083,25992,0,39532
1084,26016,0,39532
1085,26040,0,39532
1086,26064,0,39532
1087,26088,0,39532
1088,26112,0,39532
1089,26136,0,39532
1090,26160,0,39532
1091,26184,0,39532
1092,26208,0,39532
1093,26232,0,39532
1094,26256,0,39532
1095,26280,0,39532
1096,26304,0,39532
1097,26328,0,39532
1098,26352,0,39532
1099,26376,0,39532
1100,26400,0,39532
1101,26424,0,39532
1102,26448,0,39532
1103,26472,0,39532
1104,26496,0,39532
1105,26520,0,39532
1106,26544,0,39532
1107,26568,0,39532
1108,26592,0,39532
1109,26616,0,39532
1110,26640,0,39532
1111,26664,0,39532
1112,26688,0,39532
1113,26712,0,39532
1114,26736,0,39532
1115,26760,0,39532
1116,26784,0,39532
1117,26808,0,39532
1118,26832,0,39532
1119,26856,0,39532
1120,26880,0,39532
1121,26904,0,39532
1122,26928,0,39532
1123,26952,0,39532
1124,26976,0,39532
1125,27000,0,39532
1126,27024,0,39532
1127,27048,0,39532
1128,27072,0,39532
1129,27096,0,39532
1130,27120,0,39532
1131,27144,0,39532
1132,27168,0,39532
1133,27192,0,39532
1134,27216,0,39532
1135,27240,0,39532
1136,27264,0,39532
1137,27288,0,39532
1138,27312,0,39532
1139,27336,0,39532
1140,27360,0,39532
1141,27384,0,39532
1142,27408,0,39532
1143,27432,0,39532
1144,27456,0,39532
1145,27480,0,39532
1146,27504,0,39532
1147,27528,0,39532
1148,27552,0,39532
1149,27576,0,39532
1150,27600,0,39532
1151,27624,0,39532
1152,27648,0,39532
1153,27672,0,39532
1154,27696,0,39532
1155,27720,0,39532
1156,27744,0,39532
1157,27768,0,39532
1158,27792,0,39532
1159,27816,0,39532
1160,27840,0,39532
1161,27864,0,39532
1162,27888,0,39532
1163,27912,0,39532
1164,27936,0,39532
1165,27960,0,39532
1166,27984,0,39532
1167,28008,0,39532
1168,28032,0,39532
1169,28056,0,39532
1170,28080,0,39532
1171,28104,0,39532
1172,28128,0,39532
1173,28152,0,39532
1174,28176,0,39532
1175,28200,0,39532
1176,28224,0,39532
1177,28248,0,39532
1178,28272,0,39532
1179,28296,0,39532
1180,28320,0,39532
1181,28344,0,39532
1182,28368,0,39532
1183,28392,0,39532
1184,28416,0,39532
1185,28440,0,39532
1186,28464,0,39532
1187,28488,0,39532
1188,28512,0,39532
1189,28536,0,39532
1190,28560,0,39532
1191,28584,0,39532
1192,28608,0,39532
1193,28632,0,39532
1194,28656,0,39532
1195,28680,0,39532
1196,28704,0,39532
1197,28728,0,39532
1198,28752,0,39532
1199,28776,0,39532
1200,28800,0,39532
1201,28824,0,39532
1202,28848,0,39532
1203,28872,0,39532
1204,28896,0,39532
1205,28920,0,39532
1206,28944,0,39532
1207,28968,0,39532
1208,28992,0,39532
1209,29016,0,39532
1210,29040,0,39532
1211,29064,0,39532
1212,29088,0,39532
1213,29112,0,39532
1214,29136,0,39532
1215,29160,0,39532
1216,29184,0,39532
1217,29208,0,39532
1218,29232,0,39532
1219,29256,0,39532
1220,29280,0,39532
1221,29304,0,39532
1222,29328,0,39532
1223,29352,0,39532
1224,29376,0,39532
1225,29400,0,39532
1226,29424,0,39532
1227,29448,0,39532
1228,29472,0,39532
1229,29496,0,39532
1230,29520,0,39532
1231,29544,0,39532
1232,29568,0,39532
1233,29592,0,39532
1234,29616,0,39532
1235,29640,0,39532
1236,29664,0,39532
1237,29688,0,39532
1238,29712,0,39532
1239,29736,0,39532
1240,29760,0,39532
1241,29784,0,39532
1242,29808,0,39532
1243,29832,0,39532
1244,29856,0,39532
1245,29880,0,39532
1246,29904,0,39532
1247,29928,1,39532
1248,29952,1,39532
1249,29976,0,39532
1250,30000,0,39532
1251,30024,1,39532
1252,30048,1,39532
1253,30072,0,39532
1254,30096,0,39532
1255,30120,0,39532
1256,30144,0,39532
1257,30168,0,39532
1258,30192,0,39532
1259,30216,0,39532
1260,30240,0,39532
1261,30264,0,39532
1262,30288,0,39532
1263,30312,0,39532
1264,30336,0,39532
1265,30360,0,39532
1266,30384,0,39532
1267,30408,0,39532
1268,30432,0,39532
1269,30456,0,39532
1270,30480,0,39532
1271,30504,0,39532
1272,30528,0,39532
1273,30552,0,39532
1274,30576,0,39532
1275,30600,0,39532
1276,30624,0,39532
1277,30648,0,39532
1278,30672,0,39532
1279,30696,0,39532
1280,30720,0,39532
1281,30744,0,39532
1282,30768,0,39532
1283,30792,0,39532
1284,30816,0,39532
1285,30840,0,39532
1286,30864,0,39532
1287,30888,0,39532
1288,30912,0,39532
1289,30936,0,39532
1290,30960,0,39532
1291,30984,0,39532
1292,31008,0,39532
1293,31032,0,39532
1294,31056,0,39532
1295,31080,0,39532
1296,31104,0,39532
1297,31128,0,39532
1298,31152,0,39532
1299,31176,0,39532
1300,31200,0,39532
1301,31224,0,39532
1302,31248,0,39532
1303,31272,0,39532
1304,31296,0,39532
1305,31320,0,39532
1306,31344,0,39532
1307,31368,0,39532
1308,31392,0,39532
1309,31416,0,39532
1310,31440,0,39532
1311,31464,0,39532
1312,31488,0,39532
1313,31512,0,39532
1314,31536,0,39532
1315,31560,0,39532
1316,31584,0,39532
1317,31608,0,39532
1318,31632,0,39532
1319,31656,0,39532
1320,31680,0,39532
1321,31704,0,39532
1322,31728,0,39532
1323,31752,0,39532
1324,31776,0,39532
1325,31800,0,39532
1326,31824,0,39532
1327,31848,0,39532
1328,31872,0,39532
1329,31896,0,39532
1330,31920,0,39532
1331,31944,0,39532
1332,31968,0,39532
1333,31992,0,39532
1334,32016,0,39532
1335,32040,0,39532
1336,32064,0,39532
1337,32088,0,39532
1338,32112,0,39532
1339,32136,0,39532
1340,32160,0,39532
1341,32184,0,39532
1342,32208,0,39532
1343,32232,0,39532
1344,32256,0,39532
1345,32280,0,39532
1346,32304,0,39532
1347,32328,0,39532
1348,32352,0,39532
1349,32376,0,39532
1350,32400,0,39532
1351,32424,0,39532
1352,32448,0,39532
1353,32472,0,39532
1354,32496,0,39532
1355,32520,0,39532
1356,32544,0,39532
1357,32568,0,39532
1358,32592,0,39532
1359,32616,0,39532
1360,32640,0,39532
1361,32664,0,39532
1362,32688,0,39532
1363,32712,0,39532
1364,32736,0,39532
1365,32760,0,39532
1366,32784,0,39532
1367,32808,0,39532
1368,32832,0,39532
1369,32856,0,39532
1370,32880,0,39532
1371,32904,0,39532
1372,32928,0,39532
1373,32952,0,39532
1374,32976,0,39532
1375,33000,0,39532
1376,33024,0,39532
1377,33048,0,39532
1378,33072,0,39532
1379,33096,0,39532
1380,33120,0,39532
1381,33144,0,39532
1382,33168,0,39532
1383,33192,0,39532
1384,33216,0,39532
1385,33240,0,39532
1386,33264,0,39532
1387,33288,0,39532
1388,33312,0,39532
1389,33336,0,39532
1390,33360,0,39532
1391,33384,0,39532
1392,33408,0,39532
1393,33432,0,39532
1394,33456,0,39532
1395,33480,0,39532
1396,33504,0,39532
1397,33528,0,39532
1398,33552,0,39532
1399,33576,0,39532
1400,33600,0,39532
1401,33624,0,39532
1402,33648,0,39532
1403,33672,0,39532
1404,33696,0,39532
1405,33720,0,39532
1406,33744,0,39532
1407,33768,0,39532
1408,33792,0,39532
1409,33816,0,39532
1410,33840,0,39532
1411,33864,0,39532
1412,33888,0,39532
1413,33912,0,39532
1414,33936,0,39532
1415,33960,0,39532
1416,33984,0,39532
1417,34008,0,39532
1418,34032,0,39532
1419,34056,0,39532
1420,34080,0,39532
1421,34104,0,39532
1422,34128,0,39532
1423,34152,0,39532
1424,34176,0,39532
1425,34200,0,39532
1426,34224,0,39532
1427,34248,0,39532
1428,34272,0,39532
1429,34296,0,39532
1430,34320,0,39532
1431,34344,0,39532
1432,34368,0,39532
1433,34392,0,39532
1434,34416,0,39532
1435,34440,0,39532
1436,34464,0,39532
1437,34488,0,39532
1438,34512,0,39532
1439,34536,0,39532
1440,34560,0,39532
1441,34584,0,39532
1442,34608,0,39532
1443,34632,0,39532
1444,34656,0,39532
1445,34680,0,39532
1446,34704,0,39532
1447,34728,0,39532
1448,34752,0,39532
1449,34776,0,39532
1450,34800,0,39532
1451,34824,0,39532
1452,34848,0,39532
1453,34872,0,39532
1454,34896,0,39532
1455,34920,0,39532
1456,34944,0,39532
1457,34968,0,39532
1458,34992,0,39532
1459,35016,0,39532
1460,35040,0,39532
1461,35064,0,39532
1462,35088,0,39532
1463,35112,0,39532
1464,35136,0,39532
1465,35160,0,39532
1466,35184,0,39532
1467,35208,0,39532
1468,35232,0,39532
1469,35256,0,39532
1470,35280,0,39532
1471,35304,0,39532
1472,35328,0,39532
1473,35352,0,39532
1474,35376,1,39532
1475,35400,0,39532
1476,35424,1,39532
1477,35448,1,39532
1478,35472,1,39532
1479,35496,0,39532
1480,35520,0,39532
1481,35544,0,39532
1482,35568,0,39532
1483,35592,0,39532
1484,35616,0,39532
1485,35640,0,39532
1486,35664,0,39532
1487,35688,0,39532
1488,35712,0,39532
1489,35736,0,39532
1490,35760,0,39532
1491,35784,1,39532
1492,35808,0,39532
1493,35832,0,39532
1494,35856,1,39532
1495,35880,0,39532
1496,35904,0,39532
1497,35928,0,39532
1498,35952,1,39532
1499,35976,1,39532
1500,36000,0,39532
1501,36024,0,39532
1502,36048,0,39532
1503,36072,0,39532
1504,36096,0,39532
1505,36120,0,39532
1506,36144,0,39532
1507,36168,0,39532
1508,36192,0,39532
1509,36216,0,39532
1510,36240,1,39532
1511,36264,1,39532
1512,36288,0,39532
1513,36312,0,39532
1514,36336,1,39532
1515,36360,1,39532
1516,36384,0,39532
1517,36408,0,39532
1518,36432,0,39532
1519,36456,0,39532
1520,36480,0,39532
1521,36504,0,39532
1522,36528,0,39532
1523,36552,0,39532
1524,36576,0,39532
1525,36600,0,39532
1526,36624,0,39532
1527,36648,0,39532
1528,36672,0,39532
1529,36696,0,39532
1530,36720,0,39532
1531,36744,0,39532
1532,36768,0,39532
1533,36792,0,39532
1534,36816,0,39532
1535,36840,0,39532
1536,36864,0,39532
1537,36888,0,39532
1538,36912,0,39532
1539,36936,0,39532
1540,36960,0,39532
1541,36984,0,39532
1542,37008,0,39532
1543,37032,0,39532
1544,37056,0,39532
1545,37080,0,39532
1546,37104,0,39532
1547,37128,0,39532
1548,37152,0,39532
1549,37176,0,39532
1550,37200,0,39532
1551,37224,0,39532
1552,37248,0,39532
1553,37272,0,39532
1554,37296,0,39532
1555,37320,0,39532
1556,37344,0,39532
1557,37368,0,39532
1558,37392,0,39532
1559,37416,0,39532
1560,37440,0,39532
1561,37464,0,39532
1562,37488,0,39532
1563,37512,0,39532
1564,37536,0,39532
1565,37560,0,39532
1566,37584,0,39532
1567,37608,0,39532
1568,37632,0,39532
1569,37656,0,39532
1570,37680,0,39532
1571,37704,0,39532
1572,37728,1,39532
1573,37752,0,39532
1574,37776,0,39532
1575,37800,0,39532
1576,37824,0,39532
1577,37848,0,39532
1578,37872,0,39532
1579,37896,0,39532
1580,37920,0,39532
1581,37944,0,39532
1582,37968,0,39532
1583,37992,0,39532
1584,38016,0,39532
1585,38040,0,39532
1586,38064,0,39532
1587,38088,0,39532
1588,38112,0,39532
1589,38136,0,39532
1590,38160,0,39532
1591,38184,0,39532
1592,38208,0,39532
1593,38232,0,39532
1594,38256,0,39532
1595,38280,0,39532
1596,38304,0,39532
1597,38328,0,39532
1598,38352,0,39532
1599,38376,0,39532
1600,38400,0,39532
1601,38424,1,39532
1602,38448,0,39532
1603,38472,0,39532
1604,38496,0,39532
1605,38520,0,39532
1606,38544,0,39532
1607,38568,0,39532
1608,38592,0,39532
1609,38616,0,39532
1610,38640,0,39532
1611,38664,0,39532
1612,38688,0,39532
1613,38712,0,39532
1614,38736,0,39532
1615,38760,0,39532
1616,38784,0,39532
1617,38808,0,39532
1618,38832,0,39532
1619,38856,0,39532
1620,38880,0,39532
1621,38904,0,39532
1622,38928,0,39532
1623,38952,0,39532
1624,38976,0,39532
1625,39000,0,39532
1626,39024,0,39532
1627,39048,0,39532
1628,39072,0,39532
1629,39096,0,39532
1630,39120,0,39532
1631,39144,0,39532
1632,39168,0,39532
1633,39192,0,39532
1634,39216,0,39532
1635,39240,0,39532
1636,39264,0,39532
1637,39288,0,39532
1638,39312,0,39532
1639,39336,0,39532
1640,39360,0,39532
1641,39384,0,39532
1642,39408,0,39532
1643,39432,0,39532
1644,39456,0,39532
1645,39480,0,39532
1646,39504,0,39532
1647,39528,0,39532
1648,39552,0,39532
1649,39576,0,39532
1650,39600,0,39532
1651,39624,0,39532
1652,39648,0,39532
1653,39672,0,39532
1654,39696,0,39532
1655,39720,0,39532
1656,39744,0,39532
1657,39768,0,39532
1658,39792,0,39532
1659,39816,0,39532
1660,39840,0,39532
1661,39864,0,39532
1662,39888,0,39532
1663,39912,0,39532
1664,39936,0,39532
1665,39960,0,39532
1666,39984,0,39532
1667,40008,0,39532
1668,40032,0,39532
1669,40056,0,39532
1670,40080,0,39532
1671,40104,0,39532
1672,40128,0,39532
1673,40152,0,39532
1674,40176,0,39532
1675,40200,0,39532
1676,40224,0,39532
1677,40248,0,39532
1678,40272,0,39532
1679,40296,0,39532
1680,40320,0,39532
1681,40344,0,39532
1682,40368,0,39532
1683,40392,0,39532
1684,40416,0,39532
1685,40440,0,39532
1686,40464,0,39532
1687,40488,0,39532
1688,40512,0,39532
1689,40536,0,39532
1690,40560,0,39532
1691,40584,0,39532
1692,40608,0,39532
1693,40632,0,39532
1694,40656,0,39532
1695,40680,0,39532
1696,40704,0,39532
1697,40728,0,39532
1698,40752,0,39532
1699,40776,0,39532
1700,40800,0,39532
1701,40824,0,39532
1702,40848,0,39532
1703,40872,0,39532
1704,40896,0,39532
1705,40920,0,39532
1706,40944,0,39532
1707,40968,0,39532
1708,40992,0,39532
1709,41016,0,39532
1710,41040,0,39532
1711,41064,0,39532
1712,41088,0,39532
1713,41112,0,39532
1714,41136,0,39532
1715,41160,0,39532
1716,41184,0,39532
1717,41208,0,39532
1718,41232,0,39532
1719,41256,0,39532
1720,41280,0,39532
1721,41304,0,39532
1722,41328,0,39532
1723,41352,0,39532
1724,41376,0,39532
1725,41400,0,39532
1726,41424,0,39532
1727,41448,0,39532
1728,41472,0,39532
1729,41496,0,39532
1730,41520,0,39532
1731,41544,0,39532
1732,41568,0,39532
1733,41592,0,39532
1734,41616,0,39532
1735,41640,0,39532
1736,41664,0,39532
1737,41688,0,39532
1738,41712,0,39532
1739,41736,0,39532
1740,41760,0,39532
1741,41784,0,39532
1742,41808,0,39532
1743,41832,0,39532
1744,41856,0,39532
1745,41880,0,39532
1746,41904,0,39532
1747,41928,0,39532
1748,41952,0,39532
1749,41976,0,39532
1750,42000,0,39532
1751,42024,0,39532
1752,42048,0,39532
1753,42072,0,39532
1754,42096,0,39532
1755,42120,0,39532
1756,42144,0,39532
1757,42168,0,39532
1758,42192,0,39532
1759,42216,0,39532
1760,42240,0,39532
1761,42264,0,39532
1762,42288,0,39532
1763,42312,0,39532
1764,42336,0,39532
1765,42360,0,39532
1766,42384,0,39532
1767,42408,0,39532
1768,42432,0,39532
1769,42456,0,39532
1770,42480,0,39532
1771,42504,0,39532
1772,42528,0,39532
1773,42552,0,39532
1774,42576,0,39532
1775,42600,0,39532
1776,42624,0,39532
1777,42648,0,39532
1778,42672,0,39532
1779,42696,0,39532
1780,42720,0,39532
1781,42744,0,39532
1782,42768,0,39532
1783,42792,0,39532
1784,42816,0,39532
1785,42840,0,39532
1786,42864,0,39532
1787,42888,0,39532
1788,42912,0,39532
1789,42936,0,39532
1790,42960,0,39532
1791,42984,0,39532
1792,43008,0,39532
1793,43032,0,39532
1794,43056,0,39532
1795,43080,0,39532
1796,43104,0,39532
1797,43128,0,39532
1798,43152,0,39532
1799,43176,0,39532
1800,43200,0,39532
1801,43224,0,39532
1802,43248,0,39532
1803,43272,0,39532
1804,43296,0,39532
1805,43320,0,39532
1806,43344,0,39532
1807,43368,0,39532
1808,43392,0,39532
1809,43416,0,39532
1810,43440,0,39532
1811,43464,0,39532
1812,43488,0,39532
1813,43512,0,39532
1814,43536,0,39532
1815,43560,0,39532
1816,43584,0,39532
1817,43608,0,39532
1818,43632,0,39532
1819,43656,0,39532
1820,43680,0,39532
1821,43704,0,39532
1822,43728,0,39532
1823,43752,0,39532
1824,43776,0,39532
1825,43800,0,39532
1826,43824,0,39532
1827,43848,0,39532
1828,43872,0,39532
1829,43896,0,39532
1830,43920,0,39532
1831,43944,0,39532
1832,43968,0,39532
1833,43992,0,39532
1834,44016,0,39532
1835,44040,0,39532
1836,44064,0,39532
1837,44088,0,39532
1838,44112,0,39532
1839,44136,0,39532
1840,44160,0,39532
1841,44184,0,39532
1842,44208,0,39532
1843,44232,0,39532
1844,44256,0,39532
1845,44280,0,39532
1846,44304,0,39532
1847,44328,0,39532
1848,44352,0,39532
1849,44376,0,39532
1850,44400,0,39532
1851,44424,0,39532
1852,44448,0,39532
1853,44472,0,39532
1854,44496,0,39532
1855,44520,0,39532
1856,44544,0,39532
1857,44568,0,39532
1858,44592,0,39532
1859,44616,0,39532
1860,44640,0,39532
1861,44664,0,39532
1862,44688,0,39532
1863,44712,0,39532
1864,44736,0,39532
1865,44760,0,39532
1866,44784,0,39532
1867,44808,0,39532
1868,44832,0,39532
1869,44856,0,39532
1870,44880,0,39532
1871,44904,0,39532
1872,44928,0,39532
1873,44952,0,39532
1874,44976,0,39532
1875,45000,0,39532
1876,45024,0,39532
1877,45048,0,39532
1878,45072,0,39532
1879,45096,0,39532
1880,45120,0,39532
1881,45144,0,39532
1882,45168,0,39532
1883,45192,0,39532
1884,45216,0,39532
1885,45240,0,39532
1886,45264,0,39532
1887,45288,0,39532
1888,45312,0,39532
1889,45336,0,39532
1890,45360,0,39532
1891,45384,0,39532
1892,45408,0,39532
1893,45432,1,39532
1894,45456,0,39532
1895,45480,0,39532
1896,45504,0,39532
1897,45528,0,39532
1898,45552,0,39532
1899,45576,0,39532
1900,45600,0,39532
1901,45624,0,39532
1902,45648,0,39532
1903,45672,0,39532
1904,45696,0,39532
1905,45720,0,39532
1906,45744,0,39532
1907,45768,0,39532
1908,45792,0,39532
1909,45816,0,39532
1910,45840,0,39532
1911,45864,0,39532
1912,45888,0,39532
1913,45912,0,39532
1914,45936,0,39532
1915,45960,0,39532
1916,45984,0,39532
1917,46008,0,39532
1918,46032,0,39532
1919,46056,0,39532
1920,46080,0,39532
1921,46104,0,39532
1922,46128,0,39532
1923,46152,0,39532
1924,46176,0,39532
1925,46200,0,39532
1926,46224,0,39532
1927,46248,0,39532
1928,46272,0,39532
1929,46296,0,39532
1930,46320,0,39532
1931,46344,0,39532
1932,46368,0,39532
1933,46392,0,39532
1934,46416,0,39532
1935,46440,0,39532
1936,46464,0,39532
1937,46488,0,39532
1938,46512,0,39532
1939,46536,0,39532
1940,46560,0,39532
1941,46584,0,39532
1942,46608,0,39532
1943,46632,0,39532
1944,46656,0,39532
1945,46680,0,39532
1946,46704,0,39532
1947,46728,0,39532
1948,46752,0,39532
1949,46776,0,39532
1950,46800,0,39532
1951,46824,0,39532
1952,46848,0,39532
1953,46872,0,39532
1954,46896,0,39532
1955,46920,0,39532
1956,46944,0,39532
1957,46968,0,39532
1958,46992,0,39532
1959,47016,0,39532
1960,47040,0,39532
1961,47064,0,39532
1962,47088,0,39532
1963,47112,0,39532
1964,47136,0,39532
1965,47160,0,39532
1966,47184,0,39532
1967,47208,0,39532
1968,47232,0,39532
1969,47256,0,39532
1970,47280,0,39532
1971,47304,0,39532
1972,47328,0,39532
1973,47352,0,39532
1974,47376,0,39532
1975,47400,0,39532
1976,47424,0,39532
1977,47448,0,39532
1978,47472,0,39532
1979,47496,0,39532
1980,47520,0,39532
1981,47544,0,39532
1982,47568,0,39532
1983,47592,0,39532
1984,47616,0,39532
1985,47640,0,39532
1986,47664,0,39532
1987,47688,0,39532
1988,47712,0,39532
1989,47736,0,39532
1990,47760,0,39532
1991,47784,0,39532
1992,47808,0,39532
1993,47832,0,39532
1994,47856,0,39532
1995,47880,0,39532
1996,47904,0,39532
1997,47928,0,39532
1998,47952,0,39532
1999,47976,0,39532
2000,48000,0,39532
2001,48024,0,39532
2002,48048,0,39532
2003,48072,0,39532
2004,48096,0,39532
2005,48120,0,39532
2006,48144,0,39532
2007,48168,0,39532
2008,48192,0,39532
2009,48216,0,39532
2010,48240,0,39532
2011,48264,0,39532
2012,48288,0,39532
2013,48312,0,39532
2014,48336,0,39532
2015,48360,0,39532
2016,48384,0,39532
2017,48408,0,39532
2018,48432,0,39532
2019,48456,0,39532
2020,48480,0,39532
2021,48504,0,39532
2022,48528,0,39532
2023,48552,0,39532
2024,48576,0,39532
2025,48600,0,39532
2026,48624,0,39532
2027,48648,0,39532
2028,48672,0,39532
2029,48696,0,39532
2030,48720,0,39532
2031,48744,0,39532
2032,48768,0,39532
2033,48792,0,39532
2034,48816,0,39532
2035,48840,0,39532
2036,48864,0,39532
2037,48888,0,39532
2038,48912,0,39532
2039,48936,0,39532
2040,48960,0,39532
2041,48984,0,39532
2042,49008,0,39532
2043,49032,0,39532
2044,49056,0,39532
2045,49080,0,39532
2046,49104,0,39532
2047,49128,0,39532
2048,49152,0,39532
2049,49176,0,39532
2050,49200,0,39532
2051,49224,0,39532
2052,49248,0,39532
2053,49272,0,39532
2054,49296,0,39532
2055,49320,0,39532
2056,49344,0,39532
2057,49368,0,39532
2058,49392,0,39532
2059,49416,0,39532
2060,49440,0,39532
2061,49464,0,39532
2062,49488,0,39532
2063,49512,0,39532
2064,49536,0,39532
2065,49560,0,39532
2066,49584,0,39532
2067,49608,0,39532
2068,49632,0,39532
2069,49656,0,39532
2070,49680,0,39532
2071,49704,0,39532
2072,49728,0,39532
2073,49752,0,39532
2074,49776,0,39532
2075,49800,0,39532
2076,49824,0,39532
2077,49848,0,39532
2078,49872,0,39532
2079,49896,0,39532
2080,49920,0,39532
2081,49944,0,39532
2082,49968,0,39532
2083,49992,0,39532
2084,50016,0,39532
2085,50040,0,39532
2086,50064,0,39532
2087,50088,0,39532
2088,50112,0,39532
2089,50136,1,39532
2090,50160,0,39532
2091,50184,0,39532
2092,50208,0,39532
2093,50232,0,39532
2094,50256,0,39532
2095,50280,0,39532
2096,50304,0,39532
2097,50328,0,39532
2098,50352,0,39532
2099,50376,0,39532
2100,50400,1,39532
2101,50424,0,39532
2102,50448,0,39532
2103,50472,0,39532
2104,50496,1,39532
2105,50520,1,39532
2106,50544,1,39532
2107,50568,0,39532
2108,50592,0,39532
2109,50616,0,39532
2110,50640,0,39532
2111,50664,0,39532
2112,50688,0,39532
2113,50712,0,39532
2114,50736,0,39532
2115,50760,0,39532
2116,50784,0,39532
2117,50808,0,39532
2118,50832,0,39532
2119,50856,0,39532
2120,50880,0,39532
2121,50904,0,39532
2122,50928,0,39532
2123,50952,0,39532
2124,50976,0,39532
2125,51000,0,39532
2126,51024,0,39532
2127,51048,0,39532
2128,51072,0,39532
2129,51096,0,39532
2130,51120,0,39532
2131,51144,0,39532
2132,51168,0,39532
2133,51192,0,39532
2134,51216,0,39532
2135,51240,0,39532
2136,51264,0,39532
2137,51288,0,39532
2138,51312,0,39532
2139,51336,0,39532
2140,51360,0,39532
2141,51384,0,39532
2142,51408,0,39532
2143,51432,0,39532
2144,51456,0,39532
2145,51480,0,39532
2146,51504,0,39532
2147,51528,0,39532
2148,51552,0,39532
2149,51576,1,39532
2150,51600,1,39532
2151,51624,1,39532
2152,51648,1,39532
2153,51672,1,39532
2154,51696,1,39532
2155,51720,1,39532
2156,51744,1,39532
2157,51768,1,39532
2158,51792,1,39532
2159,51816,1,39532
2160,51840,1,39532
2161,51864,1,39532
2162,51888,1,39532
2163,51912,1,39532
2164,51936,1,39532
2165,51960,1,39532
2166,51984,1,39532
2167,52008,1,39532
2168,52032,1,39532
2169,52056,1,39532
2170,52080,0,39532
2171,52104,0,39532
2172,52128,0,39532
2173,52152,0,39532
2174,52176,0,39532
2175,52200,0,39532
2176,52224,0,39532
2177,52248,0,39532
2178,52272,0,39532
2179,52296,0,39532
2180,52320,0,39532
2181,52344,0,39532
2182,52368,0,39532
2183,52392,0,39532
2184,52416,0,39532
2185,52440,0,39532
2186,52464,0,39532
2187,52488,0,39532
2188,52512,0,39532
2189,52536,0,39532
2190,52560,0,39532
2191,52584,0,39532
2192,52608,1,39532
2193,52632,1,39532
2194,52656,1,39532
2195,52680,1,39532
2196,52704,0,39532
2197,52728,0,39532
2198,52752,0,39532
2199,52776,0,39532
2200,52800,0,39532
2201,52824,0,39532
2202,52848,0,39532
2203,52872,0,39532
2204,52896,0,39532
2205,52920,0,39532
2206,52944,0,39532
2207,52968,0,39532
2208,52992,0,39532
2209,53016,0,39532
2210,53040,0,39532
2211,53064,0,39532
2212,53088,0,39532
2213,53112,0,39532
2214,53136,0,39532
2215,53160,0,39532
2216,53184,0,39532
2217,53208,0,39532
2218,53232,0,39532
2219,53256,0,39532
2220,53280,0,39532
2221,53304,0,39532
2222,53328,0,39532
2223,53352,0,39532
2224,53376,0,39532
2225,53400,0,39532
2226,53424,0,39532
2227,53448,0,39532
2228,53472,0,39532
2229,53496,0,39532
2230,53520,0,39532
2231,53544,0,39532
2232,53568,0,39532
2233,53592,0,39532
2234,53616,0,39532
2235,53640,0,39532
2236,53664,0,39532
2237,53688,0,39532
2238,53712,0,39532
2239,53736,0,39532
2240,53760,0,39532
2241,53784,0,39532
2242,53808,0,39532
2243,53832,0,39532
2244,53856,0,39532
2245,53880,0,39532
2246,53904,0,39532
2247,53928,0,39532
2248,53952,0,39532
2249,53976,0,39532
2250,54000,0,39532
2251,54024,0,39532
2252,54048,0,39532
2253,54072,0,39532
2254,54096,0,39532
2255,54120,0,39532
2256,54144,1,39532
2257,54168,0,39532
2258,54192,0,39532
2259,54216,0,39532
2260,54240,0,39532
2261,54264,0,39532
2262,54288,0,39532
2263,54312,1,39532
2264,54336,1,39532
2265,54360,0,39532
2266,54384,0,39532
2267,54408,0,39532
2268,54432,0,39532
2269,54456,0,39532
2270,54480,0,39532
2271,54504,0,39532
2272,54528,0,39532
2273,54552,0,39532
2274,54576,0,39532
2275,54600,0,39532
2276,54624,0,39532
2277,54648,0,39532
2278,54672,0,39532
2279,54696,0,39532
2280,54720,0,39532
2281,54744,0,39532
2282,54768,0,39532
2283,54792,0,39532
2284,54816,0,39532
2285,54840,0,39532
2286,54864,0,39532
2287,54888,0,39532
2288,54912,1,39532
2289,54936,0,39532
2290,54960,0,39532
2291,54984,0,39532
2292,55008,0,39532
2293,55032,0,39532
2294,55056,0,39532
2295,55080,0,39532
2296,55104,0,39532
2297,55128,0,39532
2298,55152,0,39532
2299,55176,0,39532
2300,55200,0,39532
2301,55224,0,39532
2302,55248,0,39532
2303,55272,0,39532
2304,55296,0,39532
2305,55320,0,39532
2306,55344,0,39532
2307,55368,0,39532
2308,55392,0,39532
2309,55416,0,39532
2310,55440,0,39532
2311,55464,0,39532
2312,55488,0,39532
2313,55512,0,39532
2314,55536,0,39532
2315,55560,0,39532
2316,55584,0,39532
2317,55608,0,39532
2318,55632,0,39532
2319,55656,0,39532
2320,55680,0,39532
2321,55704,0,39532
2322,55728,0,39532
2323,55752,0,39532
2324,55776,0,39532
2325,55800,1,39532
2326,55824,1,39532
2327,55848,1,39532
2328,55872,1,39532
2329,55896,1,39532
2330,55920,0,39532
2331,55944,0,39532
2332,55968,0,39532
2333,55992,0,39532
2334,56016,0,39532
2335,56040,0,39532
2336,56064,0,39532
2337,56088,0,39532
2338,56112,0,39532
2339,56136,0,39532
2340,56160,0,39532
2341,56184,0,39532
2342,56208,0,39532
2343,56232,0,39532
2344,56256,0,39532
2345,56280,0,39532
2346,56304,0,39532
2347,56328,0,39532
2348,56352,0,39532
2349,56376,0,39532
2350,56400,0,39532
2351,56424,0,39532
2352,56448,0,39532
2353,56472,0,39532
2354,56496,0,39532
2355,56520,0,39532
2356,56544,0,39532
2357,56568,0,39532
2358,56592,0,39532
2359,56616,0,39532
2360,56640,0,39532
2361,56664,0,39532
2362,56688,0,39532
2363,56712,0,39532
2364,56736,0,39532
2365,56760,0,39532
2366,56784,0,39532
2367,56808,0,39532
2368,56832,0,39532
2369,56856,0,39532
2370,56880,0,39532
2371,56904,0,39532
2372,56928,0,39532
2373,56952,0,39532
2374,56976,0,39532
2375,57000,0,39532
2376,57024,0,39532
2377,57048,0,39532
2378,57072,0,39532
2379,57096,0,39532
2380,57120,0,39532
2381,57144,0,39532
2382,57168,0,39532
2383,57192,0,39532
2384,57216,0,39532
2385,57240,0,39532
2386,57264,0,39532
2387,57288,0,39532
2388,57312,0,39532
2389,57336,0,39532
2390,57360,0,39532
2391,57384,0,39532
2392,57408,0,39532
2393,57432,0,39532
2394,57456,0,39532
2395,57480,0,39532
2396,57504,0,39532
2397,57528,0,39532
2398,57552,0,39532
2399,57576,0,39532
2400,57600,0,39532
2401,57624,0,39532
2402,57648,0,39532
2403,57672,0,39532
2404,57696,0,39532
2405,57720,0,39532
2406,57744,0,39532
2407,57768,0,39532
2408,57792,0,39532
2409,57816,0,39532
2410,57840,0,39532
2411,57864,0,39532
2412,57888,0,39532
2413,57912,0,39532
2414,57936,0,39532
2415,57960,0,39532
2416,57984,1,39532
2417,58008,0,39532
2418,58032,0,39532
2419,58056,0,39532
2420,58080,0,39532
2421,58104,0,39532
2422,58128,0,39532
2423,58152,0,39532
2424,58176,0,39532
2425,58200,0,39532
2426,58224,0,39532
2427,58248,0,39532
2428,58272,0,39532
2429,58296,0,39532
2430,58320,0,39532
2431,58344,0,39532
2432,58368,0,39532
2433,58392,0,39532
2434,58416,0,39532
2435,58440,0,39532
2436,58464,0,39532
2437,58488,0,39532
2438,58512,0,39532
2439,58536,0,39532
2440,58560,0,39532
2441,58584,0,39532
2442,58608,0,39532
2443,58632,0,39532
2444,58656,0,39532
2445,58680,0,39532
2446,58704,0,39532
2447,58728,0,39532
2448,58752,0,39532
2449,58776,0,39532
2450,58800,0,39532
2451,58824,0,39532
2452,58848,0,39532
2453,58872,0,39532
2454,58896,0,39532
2455,58920,0,39532
2456,58944,0,39532
2457,58968,0,39532
2458,58992,0,39532
2459,59016,0,39532
2460,59040,0,39532
2461,59064,0,39532
2462,59088,0,39532
2463,59112,0,39532
2464,59136,0,39532
2465,59160,0,39532
2466,59184,0,39532
2467,59208,0,39532
2468,59232,0,39532
2469,59256,0,39532
2470,59280,0,39532
2471,59304,0,39532
2472,59328,0,39532
2473,59352,0,39532
2474,59376,0,39532
2475,59400,0,39532
2476,59424,0,39532
2477,59448,0,39532
2478,59472,0,39532
2479,59496,0,39532
2480,59520,0,39532
2481,59544,0,39532
2482,59568,0,39532
2483,59592,0,39532
2484,59616,0,39532
2485,59640,0,39532
2486,59664,0,39532
2487,59688,0,39532
2488,59712,0,39532
2489,59736,0,39532
2490,59760,0,39532
2491,59784,0,39532
2492,59808,0,39532
2493,59832,0,39532
2494,59856,0,39532
2495,59880,0,39532
2496,59904,0,39532
2497,59928,0,39532
2498,59952,0,39532
2499,59976,0,39532
2500,60000,0,39532
2501,60024,0,39532
2502,60048,0,39532
2503,60072,0,39532
2504,60096,0,39532
2505,60120,0,39532
2506,60144,0,39532
2507,60168,0,39532
2508,60192,1,39532
2509,60216,1,39532
2510,60240,1,39532
2511,60264,1,39532
2512,60288,1,39532
2513,60312,1,39532
2514,60336,1,39532
2515,60360,1,39532
2516,60384,1,39532
2517,60408,1,39532
2518,60432,1,39532
2519,60456,1,39532
2520,60480,1,39532
2521,60504,1,39532
2522,60528,1,39532
2523,60552,1,39532
2524,60576,1,39532
2525,60600,1,39532
2526,60624,1,39532
2527,60648,1,39532
2528,60672,1,39532
2529,60696,1,39532
2530,60720,1,39532
2531,60744,1,39532
2532,60768,1,39532
2533,60792,1,39532
2534,60816,1,39532
2535,60840,1,39532
2536,60864,1,39532
2537,60888,1,39532
2538,60912,1,39532
2539,60936,1,39532
2540,60960,1,39532
2541,60984,1,39532
2542,61008,1,39532
2543,61032,1,39532
2544,61056,1,39532
2545,61080,1,39532
2546,61104,1,39532
2547,61128,1,39532
2548,61152,1,39532
2549,61176,1,39532
2550,61200,1,39532
2551,61224,1,39532
2552,61248,1,39532
2553,61272,1,39532
2554,61296,1,39532
2555,61320,1,39532
2556,61344,1,39532
2557,61368,1,39532
2558,61392,1,39532
2559,61416,1,39532
2560,61440,1,39532
2561,61464,1,39532
2562,61488,1,39532
2563,61512,1,39532
2564,61536,1,39532
2565,61560,1,39532
2566,61584,1,39532
2567,61608,1,39532
2568,61632,1,39532
2569,61656,1,39532
2570,61680,1,39532
2571,61704,1,39532
2572,61728,1,39532
2573,61752,1,39532
2574,61776,1,39532
2575,61800,1,39532
2576,61824,1,39532
2577,61848,1,39532
2578,61872,1,39532
2579,61896,1,39532
2580,61920,1,39532
2581,61944,1,39532
2582,61968,1,39532
2583,61992,1,39532
2584,62016,1,39532
2585,62040,1,39532
2586,62064,1,39532
2587,62088,1,39532
2588,62112,1,39532
2589,62136,1,39532
2590,62160,1,39532
2591,62184,1,39532
2592,62208,1,39532
2593,62232,1,39532
2594,62256,1,39532
2595,62280,1,39532
2596,62304,0,39532
2597,62328,0,39532
2598,62352,0,39532
2599,62376,0,39532
2600,62400,0,39532
2601,62424,0,39532
2602,62448,0,39532
2603,62472,0,39532
2604,62496,0,39532
2605,62520,0,39532
2606,62544,0,39532
2607,62568,0,39532
2608,62592,0,39532
2609,62616,0,39532
2610,62640,0,39532
2611,62664,0,39532
2612,62688,0,39532
2613,62712,0,39532
2614,62736,0,39532
2615,62760,0,39532
2616,62784,0,39532
2617,62808,0,39532
2618,62832,0,39532
2619,62856,0,39532
2620,62880,1,39532
2621,62904,0,39532
2622,62928,0,39532
2623,62952,0,39532
2624,62976,0,39532
2625,63000,0,39532
2626,63024,0,39532
2627,63048,0,39532
2628,63072,0,39532
2629,63096,0,39532
2630,63120,0,39532
2631,63144,0,39532
2632,63168,0,39532
2633,63192,0,39532
2634,63216,0,39532
2635,63240,0,39532
2636,63264,0,39532
2637,63288,0,39532
2638,63312,0,39532
2639,63336,0,39532
2640,63360,0,39532
2641,63384,0,39532
2642,63408,0,39532
2643,63432,0,39532
2644,63456,0,39532
2645,63480,0,39532
2646,63504,0,39532
2647,63528,0,39532
2648,63552,0,39532
2649,63576,0,39532
2650,63600,0,39532
2651,63624,0,39532
2652,63648,0,39532
2653,63672,0,39532
2654,63696,0,39532
2655,63720,0,39532
2656,63744,0,39532
2657,63768,0,39532
2658,63792,0,39532
2659,63816,0,39532
2660,63840,0,39532
2661,63864,0,39532
2662,63888,0,39532
2663,63912,0,39532
2664,63936,0,39532
2665,63960,0,39532
2666,63984,0,39532
2667,64008,0,39532
2668,64032,0,39532
2669,64056,0,39532
2670,64080,0,39532
2671,64104,0,39532
2672,64128,0,39532
2673,64152,0,39532
2674,64176,0,39532
2675,64200,0,39532
2676,64224,0,39532
2677,64248,0,39532
2678,64272,0,39532
2679,64296,0,39532
2680,64320,0,39532
2681,64344,0,39532
2682,64368,0,39532
2683,64392,0,39532
2684,64416,0,39532
2685,64440,0,39532
2686,64464,0,39532
2687,64488,0,39532
2688,64512,0,39532
2689,64536,0,39532
2690,64560,0,39532
2691,64584,0,39532
2692,64608,0,39532
2693,64632,0,39532
2694,64656,0,39532
2695,64680,0,39532
2696,64704,0,39532
2697,64728,0,39532
2698,64752,0,39532
2699,64776,0,39532
2700,64800,0,39532
2701,64824,0,39532
2702,64848,0,39532
2703,64872,0,39532
2704,64896,0,39532
2705,64920,0,39532
2706,64944,0,39532
2707,64968,0,39532
2708,64992,0,39532
2709,65016,0,39532
2710,65040,0,39532
2711,65064,0,39532
2712,65088,0,39532
2713,65112,0,39532
2714,65136,0,39532
2715,65160,0,39532
2716,65184,0,39532
2717,65208,0,39532
2718,65232,0,39532
2719,65256,0,39532
2720,65280,0,39532
2721,65304,0,39532
2722,65328,0,39532
2723,65352,0,39532
2724,65376,0,39532
2725,65400,0,39532
2726,65424,0,39532
2727,65448,0,39532
2728,65472,0,39532
2729,65496,0,39532
2730,65520,0,39532
2731,65544,0,39532
2732,65568,0,39532
2733,65592,0,39532
2734,65616,0,39532
2735,65640,0,39532
2736,65664,0,39532
2737,65688,0,39532
2738,65712,0,39532
2739,65736,0,39532
2740,65760,0,39532
2741,65784,0,39532
2742,65808,0,39532
2743,65832,0,39532
2744,65856,0,39532
2745,65880,0,39532
2746,65904,0,39532
2747,65928,0,39532
2748,65952,0,39532
2749,65976,0,39532
2750,66000,0,39532
2751,66024,0,39532
2752,66048,0,39532
2753,66072,0,39532
2754,66096,0,39532
2755,66120,0,39532
2756,66144,0,39532
2757,66168,0,39532
2758,66192,0,39532
2759,66216,0,39532
2760,66240,0,39532
2761,66264,0,39532
2762,66288,0,39532
2763,66312,0,39532
2764,66336,0,39532
2765,66360,0,39532
2766,66384,0,39532
2767,66408,0,39532
2768,66432,0,39532
2769,66456,0,39532
2770,66480,0,39532
2771,66504,0,39532
2772,66528,0,39532
2773,66552,0,39532
2774,66576,0,39532
2775,66600,1,39532
2776,66624,0,39532
2777,66648,0,39532
2778,66672,0,39532
2779,66696,0,39532
2780,66720,0,39532
2781,66744,0,39532
2782,66768,0,39532
2783,66792,0,39532
2784,66816,0,39532
2785,66840,1,39532
2786,66864,0,39532
2787,66888,0,39532
2788,66912,1,39532
2789,66936,0,39532
2790,66960,0,39532
2791,66984,0,39532
2792,67008,0,39532
2793,67032,0,39532
2794,67056,0,39532
2795,67080,0,39532
2796,67104,0,39532
2797,67128,0,39532
2798,67152,0,39532
2799,67176,0,39532
2800,67200,0,39532
2801,67224,0,39532
2802,67248,0,39532
2803,67272,0,39532
2804,67296,0,39532
2805,67320,0,39532
2806,67344,0,39532
2807,67368,0,39532
2808,67392,0,39532
2809,67416,1,39532
2810,67440,1,39532
2811,67464,1,39532
2812,67488,0,39532
2813,67512,0,39532
2814,67536,0,39532
2815,67560,0,39532
2816,67584,0,39532
2817,67608,0,39532
2818,67632,0,39532
2819,67656,0,39532
2820,67680,0,39532
2821,67704,0,39532
2822,67728,0,39532
2823,67752,0,39532
2824,67776,0,39532
2825,67800,0,39532
2826,67824,0,39532
2827,67848,0,39532
2828,67872,0,39532
2829,67896,0,39532
2830,67920,0,39532
2831,67944,0,39532
2832,67968,1,39532
2833,67992,0,39532
2834,68016,0,39532
2835,68040,0,39532
2836,68064,0,39532
2837,68088,0,39532
2838,68112,0,39532
2839,68136,0,39532
2840,68160,0,39532
2841,68184,0,39532
2842,68208,0,39532
2843,68232,0,39532
2844,68256,0,39532
2845,68280,1,39532
2846,68304,0,39532
2847,68328,0,39532
2848,68352,0,39532
2849,68376,0,39532
2850,68400,0,39532
2851,68424,0,39532
2852,68448,0,39532
2853,68472,0,39532
2854,68496,0,39532
2855,68520,1,39532
2856,68544,0,39532
2857,68568,0,39532
2858,68592,0,39532
2859,68616,0,39532
2860,68640,0,39532
2861,68664,0,39532
2862,68688,0,39532
2863,68712,0,39532
2864,68736,0,39532
2865,68760,0,39532
2866,68784,0,39532
2867,68808,0,39532
2868,68832,0,39532
2869,68856,0,39532
2870,68880,0,39532
2871,68904,0,39532
2872,68928,0,39532
2873,68952,0,39532
2874,68976,0,39532
2875,69000,0,39532
2876,69024,0,39532
2877,69048,0,39532
2878,69072,0,39532
2879,69096,0,39532
2880,69120,0,39532
2881,69144,0,39532
2882,69168,0,39532
2883,69192,0,39532
2884,69216,0,39532
2885,69240,0,39532
2886,69264,0,39532
2887,69288,0,39532
2888,69312,0,39532
2889,69336,0,39532
2890,69360,0,39532
2891,69384,0,39532
2892,69408,0,39532
2893,69432,0,39532
2894,69456,0,39532
2895,69480,0,39532
2896,69504,0,39532
2897,69528,0,39532
2898,69552,0,39532
2899,69576,0,39532
2900,69600,0,39532
2901,69624,0,39532
2902,69648,0,39532
2903,69672,0,39532
2904,69696,0,39532
2905,69720,0,39532
2906,69744,0,39532
2907,69768,0,39532
2908,69792,0,39532
2909,69816,0,39532
2910,69840,0,39532
2911,69864,0,39532
2912,69888,0,39532
2913,69912,0,39532
2914,69936,0,39532
2915,69960,0,39532
2916,69984,0,39532
2917,70008,0,39532
2918,70032,0,39532
2919,70056,0,39532
2920,70080,0,39532
2921,70104,0,39532
2922,70128,0,39532
2923,70152,0,39532
2924,70176,0,39532
2925,70200,0,39532
2926,70224,0,39532
2927,70248,0,39532
2928,70272,0,39532
2929,70296,0,39532
2930,70320,0,39532
2931,70344,0,39532
2932,70368,0,39532
2933,70392,0,39532
2934,70416,0,39532
2935,70440,0,39532
2936,70464,0,39532
2937,70488,0,39532
2938,70512,0,39532
2939,70536,0,39532
2940,70560,0,39532
2941,70584,0,39532
2942,70608,0,39532
2943,70632,0,39532
2944,70656,0,39532
2945,70680,0,39532
2946,70704,0,39532
2947,70728,0,39532
2948,70752,0,39532
2949,70776,0,39532
2950,70800,0,39532
2951,70824,0,39532
2952,70848,0,39532
2953,70872,0,39532
2954,70896,0,39532
2955,70920,0,39532
2956,70944,0,39532
2957,70968,0,39532
2958,70992,0,39532
2959,71016,0,39532
2960,71040,0,39532
2961,71064,0,39532
2962,71088,0,39532
2963,71112,0,39532
2964,71136,0,39532
2965,71160,0,39532
2966,71184,0,39532
2967,71208,0,39532
2968,71232,1,39532
2969,71256,0,39532
2970,71280,0,39532
2971,71304,0,39532
2972,71328,0,39532
2973,71352,0,39532
2974,71376,0,39532
2975,71400,1,39532
2976,71424,0,39532
2977,71448,0,39532
2978,71472,0,39532
2979,71496,1,39532
2980,71520,0,39532
2981,71544,0,39532
2982,71568,0,39532
2983,71592,0,39532
2984,71616,0,39532
2985,71640,0,39532
2986,71664,0,39532
2987,71688,0,39532
2988,71712,0,39532
2989,71736,0,39532
2990,71760,0,39532
2991,71784,0,39532
2992,71808,0,39532
2993,71832,0,39532
2994,71856,0,39532
2995,71880,0,39532
2996,71904,0,39532
2997,71928,0,39532
2998,71952,0,39532
2999,71976,0,39532
3000,72000,0,39532
3001,72024,0,39532
3002,72048,1,39532
3003,72072,1,39532
3004,72096,0,39532
3005,72120,0,39532
3006,72144,0,39532
3007,72168,0,39532
3008,72192,0,39532
3009,72216,0,39532
3010,72240,0,39532
3011,72264,0,39532
3012,72288,0,39532
3013,72312,0,39532
3014,72336,0,39532
3015,72360,0,39532
3016,72384,0,39532
3017,72408,0,39532
3018,72432,0,39532
3019,72456,0,39532
3020,72480,0,39532
3021,72504,0,39532
3022,72528,0,39532
3023,72552,0,39532
3024,72576,0,39532
3025,72600,0,39532
3026,72624,0,39532
3027,72648,0,39532
3028,72672,0,39532
3029,72696,0,39532
3030,72720,0,39532
3031,72744,0,39532
3032,72768,0,39532
3033,72792,0,39532
3034,72816,0,39532
3035,72840,0,39532
3036,72864,0,39532
3037,72888,0,39532
3038,72912,0,39532
3039,72936,0,39532
3040,72960,0,39532
3041,72984,0,39532
3042,73008,0,39532
3043,73032,0,39532
3044,73056,0,39532
3045,73080,0,39532
3046,73104,0,39532
3047,73128,0,39532
3048,73152,0,39532
3049,73176,0,39532
3050,73200,0,39532
3051,73224,0,39532
3052,73248,0,39532
3053,73272,0,39532
3054,73296,0,39532
3055,73320,0,39532
3056,73344,0,39532
3057,73368,0,39532
3058,73392,0,39532
3059,73416,0,39532
3060,73440,0,39532
3061,73464,0,39532
3062,73488,0,39532
3063,73512,0,39532
3064,73536,0,39532
3065,73560,0,39532
3066,73584,0,39532
3067,73608,0,39532
3068,73632,0,39532
3069,73656,0,39532
3070,73680,1,39532
3071,73704,1,39532
3072,73728,0,39532
3073,73752,0,39532
3074,73776,0,39532
3075,73800,0,39532
3076,73824,0,39532
3077,73848,0,39532
3078,73872,0,39532
3079,73896,0,39532
3080,73920,0,39532
3081,73944,0,39532
3082,73968,0,39532
3083,73992,0,39532
3084,74016,0,39532
3085,74040,0,39532
3086,74064,0,39532
3087,74088,0,39532
3088,74112,0,39532
3089,74136,0,39532
3090,74160,0,39532
3091,74184,0,39532
3092,74208,0,39532
3093,74232,0,39532
3094,74256,0,39532
3095,74280,0,39532
3096,74304,0,39532
3097,74328,0,39532
3098,74352,0,39532
3099,74376,0,39532
3100,74400,0,39532
3101,74424,0,39532
3102,74448,0,39532
3103,74472,0,39532
3104,74496,0,39532
3105,74520,0,39532
3106,74544,0,39532
3107,74568,0,39532
3108,74592,0,39532
3109,74616,0,39532
3110,74640,0,39532
3111,74664,0,39532
3112,74688,0,39532
3113,74712,0,39532
3114,74736,0,39532
3115,74760,0,39532
3116,74784,0,39532
3117,74808,0,39532
3118,74832,0,39532
3119,74856,0,39532
3120,74880,0,39532
3121,74904,0,39532
3122,74928,0,39532
3123,74952,0,39532
3124,74976,0,39532
3125,75000,0,39532
3126,75024,0,39532
3127,75048,0,39532
3128,75072,0,39532
3129,75096,0,39532
3130,75120,0,39532
3131,75144,0,39532
3132,75168,0,39532
3133,75192,0,39532
3134,75216,0,39532
3135,75240,0,39532
3136,75264,0,39532
3137,75288,0,39532
3138,75312,0,39532
3139,75336,0,39532
3140,75360,0,39532
3141,75384,0,39532
3142,75408,0,39532
3143,75432,0,39532
3144,75456,0,39532
3145,75480,0,39532
3146,75504,0,39532
3147,75528,0,39532
3148,75552,0,39532
3149,75576,0,39532
3150,75600,0,39532
3151,75624,0,39532
3152,75648,0,39532
3153,75672,0,39532
3154,75696,1,39532
3155,75720,1,39532
3156,75744,1,39532
3157,75768,1,39532
3158,75792,1,39532
3159,75816,1,39532
3160,75840,1,39532
3161,75864,1,39532
3162,75888,0,39532
3163,75912,0,39532
3164,75936,0,39532
3165,75960,0,39532
3166,75984,0,39532
3167,76008,0,39532
3168,76032,0,39532
3169,76056,0,39532
3170,76080,0,39532
3171,76104,0,39532
3172,76128,0,39532
3173,76152,0,39532
3174,76176,0,39532
3175,76200,0,39532
3176,76224,0,39532
3177,76248,0,39532
3178,76272,0,39532
3179,76296,0,39532
3180,76320,0,39532
3181,76344,0,39532
3182,76368,0,39532
3183,76392,0,39532
3184,76416,0,39532
3185,76440,0,39532
3186,76464,0,39532
3187,76488,0,39532
3188,76512,0,39532
3189,76536,0,39532
3190,76560,0,39532
3191,76584,0,39532
3192,76608,0,39532
3193,76632,0,39532
3194,76656,0,39532
3195,76680,0,39532
3196,76704,0,39532
3197,76728,0,39532
3198,76752,0,39532
3199,76776,0,39532
3200,76800,0,39532
3201,76824,0,39532
3202,76848,0,39532
3203,76872,0,39532
3204,76896,0,39532
3205,76920,0,39532
3206,76944,0,39532
3207,76968,0,39532
3208,76992,0,39532
3209,77016,0,39532
3210,77040,0,39532
3211,77064,0,39532
3212,77088,0,39532
3213,77112,0,39532
3214,77136,0,39532
3215,77160,0,39532
3216,77184,0,39532
3217,77208,0,39532
3218,77232,0,39532
3219,77256,0,39532
3220,77280,0,39532
3221,77304,0,39532
3222,77328,0,39532
3223,77352,0,39532
3224,77376,0,39532
3225,77400,0,39532
3226,77424,0,39532
3227,77448,0,39532
3228,77472,0,39532
3229,77496,0,39532
3230,77520,0,39532
3231,77544,0,39532
3232,77568,0,39532
3233,77592,0,39532
3234,77616,0,39532
3235,77640,0,39532
3236,77664,0,39532
3237,77688,0,39532
3238,77712,0,39532
3239,77736,0,39532
3240,77760,0,39532
3241,77784,0,39532
3242,77808,0,39532
3243,77832,0,39532
3244,77856,0,39532
3245,77880,0,39532
3246,77904,0,39532
3247,77928,0,39532
3248,77952,0,39532
3249,77976,1,39532
3250,78000,0,39532
3251,78024,0,39532
3252,78048,0,39532
3253,78072,0,39532
3254,78096,0,39532
3255,78120,0,39532
3256,78144,0,39532
3257,78168,0,39532
3258,78192,0,39532
3259,78216,0,39532
3260,78240,0,39532
3261,78264,0,39532
3262,78288,0,39532
3263,78312,0,39532
3264,78336,0,39532
3265,78360,0,39532
3266,78384,0,39532
3267,78408,0,39532
3268,78432,0,39532
3269,78456,0,39532
3270,78480,0,39532
3271,78504,0,39532
3272,78528,0,39532
3273,78552,0,39532
3274,78576,0,39532
3275,78600,0,39532
3276,78624,0,39532
3277,78648,0,39532
3278,78672,0,39532
3279,78696,0,39532
3280,78720,0,39532
3281,78744,0,39532
3282,78768,0,39532
3283,78792,0,39532
3284,78816,0,39532
3285,78840,1,39532
3286,78864,0,39532
3287,78888,1,39532
3288,78912,1,39532
3289,78936,1,39532
3290,78960,1,39532
3291,78984,0,39532
3292,79008,0,39532
3293,79032,1,39532
3294,79056,1,39532
3295,79080,1,39532
3296,79104,1,39532
3297,79128,1,39532
3298,79152,1,39532
3299,79176,1,39532
3300,79200,1,39532
3301,79224,1,39532
3302,79248,0,39532
3303,79272,0,39532
3304,79296,0,39532
3305,79320,0,39532
3306,79344,0,39532
3307,79368,0,39532
3308,79392,0,39532
3309,79416,0,39532
3310,79440,0,39532
3311,79464,0,39532
3312,79488,0,39532
3313,79512,0,39532
3314,79536,0,39532
3315,79560,0,39532
3316,79584,0,39532
3317,79608,0,39532
3318,79632,0,39532
3319,79656,0,39532
3320,79680,0,39532
3321,79704,0,39532
3322,79728,0,39532
3323,79752,0,39532
3324,79776,0,39532
3325,79800,0,39532
3326,79824,0,39532
3327,79848,0,39532
3328,79872,0,39532
3329,79896,0,39532
3330,79920,0,39532
3331,79944,0,39532
3332,79968,0,39532
3333,79992,0,39532
3334,80016,0,39532
3335,80040,0,39532
3336,80064,0,39532
3337,80088,0,39532
3338,80112,0,39532
3339,80136,0,39532
3340,80160,0,39532
3341,80184,0,39532
3342,80208,0,39532
3343,80232,0,39532
3344,80256,0,39532
3345,80280,0,39532
3346,80304,0,39532
3347,80328,0,39532
3348,80352,0,39532
3349,80376,0,39532
3350,80400,0,39532
3351,80424,0,39532
3352,80448,0,39532
3353,80472,0,39532
3354,80496,1,39532
3355,80520,0,39532
3356,80544,0,39532
3357,80568,0,39532
3358,80592,0,39532
3359,80616,0,39532
3360,80640,0,39532
3361,80664,0,39532
3362,80688,0,39532
3363,80712,0,39532
3364,80736,0,39532
3365,80760,0,39532
3366,80784,0,39532
3367,80808,0,39532
3368,80832,0,39532
3369,80856,0,39532
3370,80880,0,39532
3371,80904,0,39532
3372,80928,1,39532
3373,80952,1,39532
3374,80976,1,39532
3375,81000,0,39532
3376,81024,0,39532
3377,81048,0,39532
3378,81072,0,39532
3379,81096,1,39532
3380,81120,0,39532
3381,81144,0,39532
3382,81168,0,39532
3383,81192,0,39532
3384,81216,1,39532
3385,81240,0,39532
3386,81264,1,39532
3387,81288,1,39532
3388,81312,0,39532
3389,81336,0,39532
3390,81360,0,39532
3391,81384,0,39532
3392,81408,0,39532
3393,81432,0,39532
3394,81456,0,39532
3395,81480,0,39532
3396,81504,0,39532
3397,81528,0,39532
3398,81552,0,39532
3399,81576,0,39532
3400,81600,0,39532
3401,81624,0,39532
3402,81648,0,39532
3403,81672,0,39532
3404,81696,0,39532
3405,81720,0,39532
3406,81744,0,39532
3407,81768,0,39532
3408,81792,0,39532
3409,81816,0,39532
3410,81840,0,39532
3411,81864,0,39532
3412,81888,0,39532
3413,81912,0,39532
3414,81936,0,39532
3415,81960,0,39532
3416,81984,0,39532
3417,82008,0,39532
3418,82032,0,39532
3419,82056,0,39532
3420,82080,0,39532
3421,82104,0,39532
3422,82128,0,39532
3423,82152,0,39532
3424,82176,0,39532
3425,82200,0,39532
3426,82224,0,39532
3427,82248,0,39532
3428,82272,0,39532
3429,82296,0,39532
3430,82320,0,39532
3431,82344,0,39532
3432,82368,0,39532
3433,82392,0,39532
3434,82416,0,39532
3435,82440,0,39532
3436,82464,0,39532
3437,82488,0,39532
3438,82512,0,39532
3439,82536,0,39532
3440,82560,0,39532
3441,82584,0,39532
3442,82608,0,39532
3443,82632,0,39532
3444,82656,0,39532
3445,82680,0,39532
3446,82704,0,39532
3447,82728,0,39532
3448,82752,0,39532
3449,82776,0,39532
3450,82800,0,39532
3451,82824,0,39532
3452,82848,0,39532
3453,82872,0,39532
3454,82896,0,39532
3455,82920,0,39532
3456,82944,0,39532
3457,82968,0,39532
3458,82992,0,39532
3459,83016,0,39532
3460,83040,0,39532
3461,83064,0,39532
3462,83088,0,39532
3463,83112,0,39532
3464,83136,0,39532
3465,83160,0,39532
3466,83184,0,39532
3467,83208,0,39532
3468,83232,0,39532
3469,83256,0,39532
3470,83280,0,39532
3471,83304,0,39532
3472,83328,0,39532
3473,83352,0,39532
3474,83376,0,39532
3475,83400,0,39532
3476,83424,0,39532
3477,83448,0,39532
3478,83472,0,39532
3479,83496,0,39532
3480,83520,0,39532
3481,83544,0,39532
3482,83568,0,39532
3483,83592,0,39532
3484,83616,0,39532
3485,83640,0,39532
3486,83664,0,39532
3487,83688,0,39532
3488,83712,0,39532
3489,83736,0,39532
3490,83760,0,39532
3491,83784,0,39532
3492,83808,0,39532
3493,83832,0,39532
3494,83856,0,39532
3495,83880,0,39532
3496,83904,0,39532
3497,83928,0,39532
3498,83952,0,39532
3499,83976,0,39532
3500,84000,0,39532
3501,84024,0,39532
3502,84048,0,39532
3503,84072,0,39532
3504,84096,0,39532
3505,84120,0,39532
3506,84144,0,39532
3507,84168,0,39532
3508,84192,0,39532
3509,84216,0,39532
3510,84240,0,39532
3511,84264,0,39532
3512,84288,0,39532
3513,84312,0,39532
3514,84336,0,39532
3515,84360,0,39532
3516,84384,0,39532
3517,84408,0,39532
3518,84432,0,39532
3519,84456,0,39532
3520,84480,0,39532
3521,84504,0,39532
3522,84528,0,39532
3523,84552,0,39532
3524,84576,0,39532
3525,84600,0,39532
3526,84624,0,39532
3527,84648,0,39532
3528,84672,0,39532
3529,84696,0,39532
3530,84720,0,39532
3531,84744,0,39532
3532,84768,0,39532
3533,84792,0,39532
3534,84816,0,39532
3535,84840,0,39532
3536,84864,0,39532
3537,84888,0,39532
3538,84912,0,39532
3539,84936,0,39532
3540,84960,0,39532
3541,84984,0,39532
3542,85008,0,39532
3543,85032,0,39532
3544,85056,0,39532
3545,85080,0,39532
3546,85104,0,39532
3547,85128,0,39532
3548,85152,0,39532
3549,85176,0,39532
3550,85200,0,39532
3551,85224,0,39532
3552,85248,0,39532
3553,85272,0,39532
3554,85296,0,39532
3555,85320,0,39532
3556,85344,0,39532
3557,85368,0,39532
3558,85392,0,39532
3559,85416,0,39532
3560,85440,0,39532
3561,85464,0,39532
3562,85488,0,39532
3563,85512,0,39532
3564,85536,0,39532
3565,85560,0,39532
3566,85584,0,39532
3567,85608,0,39532
3568,85632,0,39532
3569,85656,0,39532
3570,85680,0,39532
3571,85704,0,39532
3572,85728,0,39532
3573,85752,0,39532
3574,85776,0,39532
3575,85800,0,39532
3576,85824,0,39532
3577,85848,0,39532
3578,85872,0,39532
3579,85896,0,39532
3580,85920,0,39532
3581,85944,0,39532
3582,85968,0,39532
3583,85992,0,39532
3584,86016,0,39532
3585,86040,0,39532
3586,86064,0,39532
3587,86088,0,39532
3588,86112,0,39532
3589,86136,0,39532
3590,86160,0,39532
3591,86184,0,39532
3592,86208,0,39532
3593,86232,0,39532
3594,86256,0,39532
3595,86280,0,39532
3596,86304,0,39532
3597,86328,0,39532
3598,86352,0,39532
3599,86376,0,39532
3600,86400,0,39532
3601,86424,0,39532
3602,86448,0,39532
3603,86472,0,39532
3604,86496,0,39532
3605,86520,0,39532
3606,86544,0,39532
3607,86568,0,39532
3608,86592,0,39532
3609,86616,0,39532
3610,86640,0,39532
3611,86664,0,39532
3612,86688,0,39532
3613,86712,0,39532
3614,86736,0,39532
3615,86760,0,39532
3616,86784,0,39532
3617,86808,0,39532
3618,86832,0,39532
3619,86856,0,39532
3620,86880,0,39532
3621,86904,0,39532
3622,86928,0,39532
3623,86952,0,39532
3624,86976,0,39532
3625,87000,0,39532
3626,87024,0,39532
3627,87048,0,39532
3628,87072,0,39532
3629,87096,0,39532
3630,87120,1,39532
3631,87144,0,39532
3632,87168,0,39532
3633,87192,0,39532
3634,87216,0,39532
3635,87240,0,39532
3636,87264,0,39532
3637,87288,0,39532
3638,87312,0,39532
3639,87336,0,39532
3640,87360,0,39532
3641,87384,0,39532
3642,87408,0,39532
3643,87432,0,39532
3644,87456,1,39532
3645,87480,0,39532
3646,87504,0,39532
3647,87528,0,39532
3648,87552,0,39532
3649,87576,0,39532
3650,87600,0,39532
3651,87624,0,39532
3652,87648,0,39532
3653,87672,0,39532
3654,87696,0,39532
3655,87720,0,39532
3656,87744,0,39532
3657,87768,0,39532
3658,87792,0,39532
3659,87816,0,39532
3660,87840,0,39532
3661,87864,0,39532
3662,87888,0,39532
3663,87912,0,39532
3664,87936,0,39532
3665,87960,0,39532
3666,87984,0,39532
3667,88008,0,39532
3668,88032,0,39532
3669,88056,0,39532
3670,88080,0,39532
3671,88104,0,39532
3672,88128,0,39532
3673,88152,0,39532
3674,88176,0,39532
3675,88200,0,39532
3676,88224,0,39532
3677,88248,0,39532
3678,88272,0,39532
3679,88296,0,39532
3680,88320,0,39532
3681,88344,0,39532
3682,88368,0,39532
3683,88392,0,39532
3684,88416,0,39532
3685,88440,0,39532
3686,88464,0,39532
3687,88488,0,39532
3688,88512,0,39532
3689,88536,0,39532
3690,88560,0,39532
3691,88584,0,39532
3692,88608,0,39532
3693,88632,0,39532
3694,88656,0,39532
3695,88680,0,39532
3696,88704,0,39532
3697,88728,0,39532
3698,88752,0,39532
3699,88776,0,39532
3700,88800,0,39532
3701,88824,0,39532
3702,88848,0,39532
3703,88872,0,39532
3704,88896,0,39532
3705,88920,0,39532
3706,88944,0,39532
3707,88968,0,39532
3708,88992,0,39532
3709,89016,0,39532
3710,89040,0,39532
3711,89064,0,39532
3712,89088,0,39532
3713,89112,0,39532
3714,89136,0,39532
3715,89160,0,39532
3716,89184,0,39532
3717,89208,0,39532
3718,89232,0,39532
3719,89256,0,39532
3720,89280,0,39532
3721,89304,0,39532
3722,89328,0,39532
3723,89352,0,39532
3724,89376,0,39532
3725,89400,0,39532
3726,89424,0,39532
3727,89448,0,39532
3728,89472,0,39532
3729,89496,0,39532
3730,89520,0,39532
3731,89544,0,39532
3732,89568,0,39532
3733,89592,0,39532
3734,89616,1,39532
3735,89640,0,39532
3736,89664,0,39532
3737,89688,0,39532
3738,89712,0,39532
3739,89736,0,39532
3740,89760,1,39532
3741,89784,0,39532
3742,89808,0,39532
3743,89832,0,39532
3744,89856,1,39532
3745,89880,1,39532
3746,89904,1,39532
3747,89928,0,39532
3748,89952,0,39532
3749,89976,0,39532
3750,90000,0,39532
3751,90024,0,39532
3752,90048,0,39532
3753,90072,0,39532
3754,90096,0,39532
3755,90120,1,39532
3756,90144,1,39532
3757,90168,1,39532
3758,90192,1,39532
3759,90216,1,39532
3760,90240,1,39532
3761,90264,1,39532
3762,90288,1,39532
3763,90312,1,39532
3764,90336,1,39532
3765,90360,1,39532
3766,90384,1,39532
3767,90408,1,39532
3768,90432,1,39532
3769,90456,1,39532
3770,90480,1,39532
3771,90504,1,39532
3772,90528,0,39532
3773,90552,1,39532
3774,90576,0,39532
3775,90600,1,39532
3776,90624,0,39532
3777,90648,0,39532
3778,90672,0,39532
3779,90696,0,39532
3780,90720,0,39532
3781,90744,0,39532
3782,90768,0,39532
3783,90792,0,39532
3784,90816,0,39532
3785,90840,0,39532
3786,90864,0,39532
3787,90888,0,39532
3788,90912,0,39532
3789,90936,0,39532
3790,90960,0,39532
3791,90984,0,39532
3792,91008,0,39532
3793,91032,0,39532
3794,91056,0,39532
3795,91080,0,39532
3796,91104,0,39532
3797,91128,0,39532
3798,91152,0,39532
3799,91176,0,39532
3800,91200,0,39532
3801,91224,0,39532
3802,91248,0,39532
3803,91272,0,39532
3804,91296,0,39532
3805,91320,0,39532
3806,91344,0,39532
3807,91368,0,39532
3808,91392,0,39532
3809,91416,0,39532
3810,91440,0,39532
3811,91464,0,39532
3812,91488,0,39532
3813,91512,0,39532
3814,91536,0,39532
3815,91560,0,39532
3816,91584,0,39532
3817,91608,0,39532
3818,91632,0,39532
3819,91656,0,39532
3820,91680,0,39532
3821,91704,0,39532
3822,91728,0,39532
3823,91752,0,39532
3824,91776,0,39532
3825,91800,0,39532
3826,91824,0,39532
3827,91848,0,39532
3828,91872,0,39532
3829,91896,0,39532
3830,91920,0,39532
3831,91944,0,39532
3832,91968,0,39532
3833,91992,0,39532
3834,92016,0,39532
3835,92040,0,39532
3836,92064,0,39532
3837,92088,0,39532
3838,92112,0,39532
3839,92136,0,39532
3840,92160,0,39532
3841,92184,0,39532
3842,92208,0,39532
3843,92232,0,39532
3844,92256,0,39532
3845,92280,0,39532
3846,92304,0,39532
3847,92328,0,39532
3848,92352,0,39532
3849,92376,0,39532
3850,92400,0,39532
3851,92424,0,39532
3852,92448,0,39532
3853,92472,0,39532
3854,92496,0,39532
3855,92520,0,39532
3856,92544,0,39532
3857,92568,0,39532
3858,92592,0,39532
3859,92616,0,39532
3860,92640,0,39532
3861,92664,0,39532
3862,92688,0,39532
3863,92712,0,39532
3864,92736,0,39532
3865,92760,0,39532
3866,92784,0,39532
3867,92808,0,39532
3868,92832,0,39532
3869,92856,0,39532
3870,92880,0,39532
3871,92904,0,39532
3872,92928,0,39532
3873,92952,0,39532
3874,92976,0,39532
3875,93000,0,39532
3876,93024,0,39532
3877,93048,0,39532
3878,93072,0,39532
3879,93096,0,39532
3880,93120,0,39532
3881,93144,0,39532
3882,93168,0,39532
3883,93192,0,39532
3884,93216,0,39532
3885,93240,0,39532
3886,93264,0,39532
3887,93288,0,39532
3888,93312,0,39532
3889,93336,0,39532
3890,93360,0,39532
3891,93384,0,39532
3892,93408,0,39532
3893,93432,0,39532
3894,93456,0,39532
3895,93480,0,39532
3896,93504,0,39532
3897,93528,0,39532
3898,93552,0,39532
3899,93576,0,39532
3900,93600,0,39532
3901,93624,0,39532
3902,93648,0,39532
3903,93672,0,39532
3904,93696,0,39532
3905,93720,0,39532
3906,93744,0,39532
3907,93768,0,39532
3908,93792,0,39532
3909,93816,0,39532
3910,93840,0,39532
3911,93864,0,39532
3912,93888,0,39532
3913,93912,0,39532
3914,93936,0,39532
3915,93960,0,39532
3916,93984,0,39532
3917,94008,0,39532
3918,94032,0,39532
3919,94056,0,39532
3920,94080,0,39532
3921,94104,0,39532
3922,94128,0,39532
3923,94152,0,39532
3924,94176,0,39532
3925,94200,0,39532
3926,94224,0,39532
3927,94248,0,39532
3928,94272,0,39532
3929,94296,0,39532
3930,94320,0,39532
3931,94344,0,39532
3932,94368,0,39532
3933,94392,0,39532
3934,94416,0,39532
3935,94440,0,39532
3936,94464,0,39532
3937,94488,0,39532
3938,94512,0,39532
3939,94536,0,39532
3940,94560,0,39532
3941,94584,0,39532
3942,94608,0,39532
3943,94632,0,39532
3944,94656,0,39532
3945,94680,0,39532
3946,94704,0,39532
3947,94728,0,39532
3948,94752,0,39532
3949,94776,0,39532
3950,94800,0,39532
3951,94824,0,39532
3952,94848,0,39532
3953,94872,0,39532
3954,94896,0,39532
3955,94920,0,39532
3956,94944,0,39532
3957,94968,0,39532
3958,94992,0,39532
3959,95016,0,39532
3960,95040,0,39532
3961,95064,0,39532
3962,95088,0,39532
3963,95112,0,39532
3964,95136,0,39532
3965,95160,0,39532
3966,95184,0,39532
3967,95208,0,39532
3968,95232,0,39532
3969,95256,0,39532
3970,95280,0,39532
3971,95304,0,39532
3972,95328,0,39532
3973,95352,0,39532
3974,95376,0,39532
3975,95400,0,39532
3976,95424,0,39532
3977,95448,0,39532
3978,95472,0,39532
3979,95496,0,39532
3980,95520,0,39532
3981,95544,0,39532
3982,95568,0,39532
3983,95592,0,39532
3984,95616,0,39532
3985,95640,0,39532
3986,95664,0,39532
3987,95688,0,39532
3988,95712,0,39532
3989,95736,0,39532
3990,95760,0,39532
3991,95784,0,39532
3992,95808,0,39532
3993,95832,0,39532
3994,95856,0,39532
3995,95880,0,39532
3996,95904,0,39532
3997,95928,0,39532
3998,95952,0,39532
3999,95976,0,39532
4000,96000,0,39532
4001,96024,0,39532
4002,96048,0,39532
4003,96072,0,39532
4004,96096,0,39532
4005,96120,0,39532
4006,96144,0,39532
4007,96168,0,39532
4008,96192,0,39532
4009,96216,0,39532
4010,96240,0,39532
4011,96264,0,39532
4012,96288,0,39532
4013,96312,0,39532
4014,96336,0,39532
4015,96360,0,39532
4016,96384,0,39532
4017,96408,0,39532
4018,96432,0,39532
4019,96456,0,39532
4020,96480,0,39532
4021,96504,0,39532
4022,96528,0,39532
4023,96552,0,39532
4024,96576,0,39532
4025,96600,0,39532
4026,96624,0,39532
4027,96648,0,39532
4028,96672,0,39532
4029,96696,0,39532
4030,96720,0,39532
4031,96744,0,39532
4032,96768,0,39532
4033,96792,0,39532
4034,96816,0,39532
4035,96840,0,39532
4036,96864,0,39532
4037,96888,0,39532
4038,96912,0,39532
4039,96936,0,39532
4040,96960,0,39532
4041,96984,0,39532
4042,97008,0,39532
4043,97032,0,39532
4044,97056,0,39532
4045,97080,0,39532
4046,97104,0,39532
4047,97128,0,39532
4048,97152,0,39532
4049,97176,0,39532
4050,97200,0,39532
4051,97224,0,39532
4052,97248,0,39532
4053,97272,0,39532
4054,97296,0,39532
4055,97320,0,39532
4056,97344,0,39532
4057,97368,0,39532
4058,97392,0,39532
4059,97416,0,39532
4060,97440,0,39532
4061,97464,0,39532
4062,97488,0,39532
4063,97512,0,39532
4064,97536,0,39532
4065,97560,0,39532
4066,97584,0,39532
4067,97608,0,39532
4068,97632,0,39532
4069,97656,0,39532
4070,97680,0,39532
4071,97704,0,39532
4072,97728,0,39532
4073,97752,0,39532
4074,97776,0,39532
4075,97800,0,39532
4076,97824,0,39532
4077,97848,0,39532
4078,97872,0,39532
4079,97896,0,39532
4080,97920,0,39532
4081,97944,0,39532
4082,97968,0,39532
4083,97992,0,39532
4084,98016,0,39532
4085,98040,0,39532
4086,98064,0,39532
4087,98088,0,39532
4088,98112,0,39532
4089,98136,0,39532
4090,98160,0,39532
4091,98184,0,39532
4092,98208,0,39532
4093,98232,0,39532
4094,98256,0,39532
4095,98280,1,39532
4096,98304,0,39532
4097,98328,1,39532
4098,98352,0,39532
4099,98376,0,39532
4100,98400,0,39532
4101,98424,0,39532
4102,98448,0,39532
4103,98472,0,39532
4104,98496,0,39532
4105,98520,0,39532
4106,98544,0,39532
4107,98568,0,39532
4108,98592,0,39532
4109,98616,0,39532
4110,98640,0,39532
4111,98664,0,39532
4112,98688,0,39532
4113,98712,0,39532
4114,98736,0,39532
4115,98760,1,39532
4116,98784,0,39532
4117,98808,0,39532
4118,98832,0,39532
4119,98856,0,39532
4120,98880,0,39532
4121,98904,0,39532
4122,98928,0,39532
4123,98952,0,39532
4124,98976,0,39532
4125,99000,0,39532
4126,99024,0,39532
4127,99048,0,39532
4128,99072,0,39532
4129,99096,0,39532
4130,99120,0,39532
4131,99144,0,39532
4132,99168,0,39532
4133,99192,0,39532
4134,99216,0,39532
4135,99240,0,39532
4136,99264,0,39532
4137,99288,0,39532
4138,99312,0,39532
4139,99336,0,39532
4140,99360,0,39532
4141,99384,0,39532
4142,99408,0,39532
4143,99432,0,39532
4144,99456,0,39532
4145,99480,0,39532
