,frame_num,title,year,imdb_id,car
0,0,Man In The Dark,1953,46036,0
1,24,Man In The Dark,1953,46036,0
2,48,Man In The Dark,1953,46036,0
3,72,Man In The Dark,1953,46036,0
4,96,Man In The Dark,1953,46036,0
5,120,Man In The Dark,1953,46036,0
6,144,Man In The Dark,1953,46036,0
7,168,Man In The Dark,1953,46036,0
8,192,Man In The Dark,1953,46036,0
9,216,Man In The Dark,1953,46036,0
10,240,Man In The Dark,1953,46036,0
11,264,Man In The Dark,1953,46036,0
12,288,Man In The Dark,1953,46036,0
13,312,Man In The Dark,1953,46036,0
14,336,Man In The Dark,1953,46036,0
15,360,Man In The Dark,1953,46036,0
16,384,Man In The Dark,1953,46036,0
17,408,Man In The Dark,1953,46036,0
18,432,Man In The Dark,1953,46036,0
19,456,Man In The Dark,1953,46036,0
20,480,Man In The Dark,1953,46036,0
21,504,Man In The Dark,1953,46036,0
22,528,Man In The Dark,1953,46036,0
23,552,Man In The Dark,1953,46036,0
24,576,Man In The Dark,1953,46036,0
25,600,Man In The Dark,1953,46036,0
26,624,Man In The Dark,1953,46036,0
27,648,Man In The Dark,1953,46036,0
28,672,Man In The Dark,1953,46036,0
29,696,Man In The Dark,1953,46036,0
30,720,Man In The Dark,1953,46036,0
31,744,Man In The Dark,1953,46036,0
32,768,Man In The Dark,1953,46036,0
33,792,Man In The Dark,1953,46036,0
34,816,Man In The Dark,1953,46036,0
35,840,Man In The Dark,1953,46036,0
36,864,Man In The Dark,1953,46036,0
37,888,Man In The Dark,1953,46036,0
38,912,Man In The Dark,1953,46036,0
39,936,Man In The Dark,1953,46036,0
40,960,Man In The Dark,1953,46036,0
41,984,Man In The Dark,1953,46036,0
42,1008,Man In The Dark,1953,46036,0
43,1032,Man In The Dark,1953,46036,0
44,1056,Man In The Dark,1953,46036,0
45,1080,Man In The Dark,1953,46036,0
46,1104,Man In The Dark,1953,46036,0
47,1128,Man In The Dark,1953,46036,0
48,1152,Man In The Dark,1953,46036,0
49,1176,Man In The Dark,1953,46036,0
50,1200,Man In The Dark,1953,46036,0
51,1224,Man In The Dark,1953,46036,0
52,1248,Man In The Dark,1953,46036,0
53,1272,Man In The Dark,1953,46036,0
54,1296,Man In The Dark,1953,46036,0
55,1320,Man In The Dark,1953,46036,0
56,1344,Man In The Dark,1953,46036,0
57,1368,Man In The Dark,1953,46036,0
58,1392,Man In The Dark,1953,46036,0
59,1416,Man In The Dark,1953,46036,0
60,1440,Man In The Dark,1953,46036,0
61,1464,Man In The Dark,1953,46036,1
62,1488,Man In The Dark,1953,46036,1
63,1512,Man In The Dark,1953,46036,1
64,1536,Man In The Dark,1953,46036,1
65,1560,Man In The Dark,1953,46036,1
66,1584,Man In The Dark,1953,46036,1
67,1608,Man In The Dark,1953,46036,1
68,1632,Man In The Dark,1953,46036,1
69,1656,Man In The Dark,1953,46036,1
70,1680,Man In The Dark,1953,46036,1
71,1704,Man In The Dark,1953,46036,1
72,1728,Man In The Dark,1953,46036,1
73,1752,Man In The Dark,1953,46036,1
74,1776,Man In The Dark,1953,46036,1
75,1800,Man In The Dark,1953,46036,0
76,1824,Man In The Dark,1953,46036,0
77,1848,Man In The Dark,1953,46036,0
78,1872,Man In The Dark,1953,46036,0
79,1896,Man In The Dark,1953,46036,0
80,1920,Man In The Dark,1953,46036,0
81,1944,Man In The Dark,1953,46036,0
82,1968,Man In The Dark,1953,46036,0
83,1992,Man In The Dark,1953,46036,0
84,2016,Man In The Dark,1953,46036,0
85,2040,Man In The Dark,1953,46036,0
86,2064,Man In The Dark,1953,46036,0
87,2088,Man In The Dark,1953,46036,0
88,2112,Man In The Dark,1953,46036,0
89,2136,Man In The Dark,1953,46036,0
90,2160,Man In The Dark,1953,46036,0
91,2184,Man In The Dark,1953,46036,0
92,2208,Man In The Dark,1953,46036,0
93,2232,Man In The Dark,1953,46036,0
94,2256,Man In The Dark,1953,46036,0
95,2280,Man In The Dark,1953,46036,0
96,2304,Man In The Dark,1953,46036,0
97,2328,Man In The Dark,1953,46036,0
98,2352,Man In The Dark,1953,46036,0
99,2376,Man In The Dark,1953,46036,0
100,2400,Man In The Dark,1953,46036,0
101,2424,Man In The Dark,1953,46036,0
102,2448,Man In The Dark,1953,46036,0
103,2472,Man In The Dark,1953,46036,0
104,2496,Man In The Dark,1953,46036,0
105,2520,Man In The Dark,1953,46036,0
106,2544,Man In The Dark,1953,46036,0
107,2568,Man In The Dark,1953,46036,0
108,2592,Man In The Dark,1953,46036,0
109,2616,Man In The Dark,1953,46036,0
110,2640,Man In The Dark,1953,46036,0
111,2664,Man In The Dark,1953,46036,0
112,2688,Man In The Dark,1953,46036,0
113,2712,Man In The Dark,1953,46036,0
114,2736,Man In The Dark,1953,46036,0
115,2760,Man In The Dark,1953,46036,0
116,2784,Man In The Dark,1953,46036,0
117,2808,Man In The Dark,1953,46036,0
118,2832,Man In The Dark,1953,46036,0
119,2856,Man In The Dark,1953,46036,0
120,2880,Man In The Dark,1953,46036,0
121,2904,Man In The Dark,1953,46036,0
122,2928,Man In The Dark,1953,46036,0
123,2952,Man In The Dark,1953,46036,0
124,2976,Man In The Dark,1953,46036,0
125,3000,Man In The Dark,1953,46036,0
126,3024,Man In The Dark,1953,46036,0
127,3048,Man In The Dark,1953,46036,0
128,3072,Man In The Dark,1953,46036,0
129,3096,Man In The Dark,1953,46036,0
130,3120,Man In The Dark,1953,46036,0
131,3144,Man In The Dark,1953,46036,0
132,3168,Man In The Dark,1953,46036,0
133,3192,Man In The Dark,1953,46036,0
134,3216,Man In The Dark,1953,46036,0
135,3240,Man In The Dark,1953,46036,0
136,3264,Man In The Dark,1953,46036,0
137,3288,Man In The Dark,1953,46036,0
138,3312,Man In The Dark,1953,46036,0
139,3336,Man In The Dark,1953,46036,0
140,3360,Man In The Dark,1953,46036,0
141,3384,Man In The Dark,1953,46036,0
142,3408,Man In The Dark,1953,46036,0
143,3432,Man In The Dark,1953,46036,0
144,3456,Man In The Dark,1953,46036,0
145,3480,Man In The Dark,1953,46036,0
146,3504,Man In The Dark,1953,46036,0
147,3528,Man In The Dark,1953,46036,0
148,3552,Man In The Dark,1953,46036,0
149,3576,Man In The Dark,1953,46036,0
150,3600,Man In The Dark,1953,46036,0
151,3624,Man In The Dark,1953,46036,0
152,3648,Man In The Dark,1953,46036,0
153,3672,Man In The Dark,1953,46036,0
154,3696,Man In The Dark,1953,46036,0
155,3720,Man In The Dark,1953,46036,0
156,3744,Man In The Dark,1953,46036,0
157,3768,Man In The Dark,1953,46036,0
158,3792,Man In The Dark,1953,46036,0
159,3816,Man In The Dark,1953,46036,0
160,3840,Man In The Dark,1953,46036,0
161,3864,Man In The Dark,1953,46036,0
162,3888,Man In The Dark,1953,46036,0
163,3912,Man In The Dark,1953,46036,0
164,3936,Man In The Dark,1953,46036,0
165,3960,Man In The Dark,1953,46036,0
166,3984,Man In The Dark,1953,46036,0
167,4008,Man In The Dark,1953,46036,0
168,4032,Man In The Dark,1953,46036,0
169,4056,Man In The Dark,1953,46036,0
170,4080,Man In The Dark,1953,46036,0
171,4104,Man In The Dark,1953,46036,0
172,4128,Man In The Dark,1953,46036,0
173,4152,Man In The Dark,1953,46036,0
174,4176,Man In The Dark,1953,46036,0
175,4200,Man In The Dark,1953,46036,0
176,4224,Man In The Dark,1953,46036,0
177,4248,Man In The Dark,1953,46036,0
178,4272,Man In The Dark,1953,46036,0
179,4296,Man In The Dark,1953,46036,0
180,4320,Man In The Dark,1953,46036,0
181,4344,Man In The Dark,1953,46036,0
182,4368,Man In The Dark,1953,46036,0
183,4392,Man In The Dark,1953,46036,0
184,4416,Man In The Dark,1953,46036,0
185,4440,Man In The Dark,1953,46036,0
186,4464,Man In The Dark,1953,46036,0
187,4488,Man In The Dark,1953,46036,0
188,4512,Man In The Dark,1953,46036,0
189,4536,Man In The Dark,1953,46036,0
190,4560,Man In The Dark,1953,46036,0
191,4584,Man In The Dark,1953,46036,0
192,4608,Man In The Dark,1953,46036,0
193,4632,Man In The Dark,1953,46036,0
194,4656,Man In The Dark,1953,46036,0
195,4680,Man In The Dark,1953,46036,0
196,4704,Man In The Dark,1953,46036,0
197,4728,Man In The Dark,1953,46036,0
198,4752,Man In The Dark,1953,46036,0
199,4776,Man In The Dark,1953,46036,0
200,4800,Man In The Dark,1953,46036,0
201,4824,Man In The Dark,1953,46036,0
202,4848,Man In The Dark,1953,46036,0
203,4872,Man In The Dark,1953,46036,0
204,4896,Man In The Dark,1953,46036,0
205,4920,Man In The Dark,1953,46036,0
206,4944,Man In The Dark,1953,46036,0
207,4968,Man In The Dark,1953,46036,0
208,4992,Man In The Dark,1953,46036,0
209,5016,Man In The Dark,1953,46036,0
210,5040,Man In The Dark,1953,46036,0
211,5064,Man In The Dark,1953,46036,0
212,5088,Man In The Dark,1953,46036,0
213,5112,Man In The Dark,1953,46036,0
214,5136,Man In The Dark,1953,46036,0
215,5160,Man In The Dark,1953,46036,0
216,5184,Man In The Dark,1953,46036,0
217,5208,Man In The Dark,1953,46036,0
218,5232,Man In The Dark,1953,46036,0
219,5256,Man In The Dark,1953,46036,0
220,5280,Man In The Dark,1953,46036,0
221,5304,Man In The Dark,1953,46036,0
222,5328,Man In The Dark,1953,46036,0
223,5352,Man In The Dark,1953,46036,0
224,5376,Man In The Dark,1953,46036,0
225,5400,Man In The Dark,1953,46036,0
226,5424,Man In The Dark,1953,46036,0
227,5448,Man In The Dark,1953,46036,0
228,5472,Man In The Dark,1953,46036,0
229,5496,Man In The Dark,1953,46036,0
230,5520,Man In The Dark,1953,46036,0
231,5544,Man In The Dark,1953,46036,0
232,5568,Man In The Dark,1953,46036,0
233,5592,Man In The Dark,1953,46036,0
234,5616,Man In The Dark,1953,46036,0
235,5640,Man In The Dark,1953,46036,0
236,5664,Man In The Dark,1953,46036,0
237,5688,Man In The Dark,1953,46036,0
238,5712,Man In The Dark,1953,46036,0
239,5736,Man In The Dark,1953,46036,0
240,5760,Man In The Dark,1953,46036,0
241,5784,Man In The Dark,1953,46036,0
242,5808,Man In The Dark,1953,46036,0
243,5832,Man In The Dark,1953,46036,0
244,5856,Man In The Dark,1953,46036,0
245,5880,Man In The Dark,1953,46036,0
246,5904,Man In The Dark,1953,46036,0
247,5928,Man In The Dark,1953,46036,0
248,5952,Man In The Dark,1953,46036,0
249,5976,Man In The Dark,1953,46036,0
250,6000,Man In The Dark,1953,46036,0
251,6024,Man In The Dark,1953,46036,0
252,6048,Man In The Dark,1953,46036,0
253,6072,Man In The Dark,1953,46036,0
254,6096,Man In The Dark,1953,46036,0
255,6120,Man In The Dark,1953,46036,0
256,6144,Man In The Dark,1953,46036,0
257,6168,Man In The Dark,1953,46036,0
258,6192,Man In The Dark,1953,46036,1
259,6216,Man In The Dark,1953,46036,1
260,6240,Man In The Dark,1953,46036,0
261,6264,Man In The Dark,1953,46036,0
262,6288,Man In The Dark,1953,46036,0
263,6312,Man In The Dark,1953,46036,0
264,6336,Man In The Dark,1953,46036,0
265,6360,Man In The Dark,1953,46036,0
266,6384,Man In The Dark,1953,46036,0
267,6408,Man In The Dark,1953,46036,0
268,6432,Man In The Dark,1953,46036,0
269,6456,Man In The Dark,1953,46036,0
270,6480,Man In The Dark,1953,46036,0
271,6504,Man In The Dark,1953,46036,0
272,6528,Man In The Dark,1953,46036,0
273,6552,Man In The Dark,1953,46036,0
274,6576,Man In The Dark,1953,46036,0
275,6600,Man In The Dark,1953,46036,0
276,6624,Man In The Dark,1953,46036,0
277,6648,Man In The Dark,1953,46036,0
278,6672,Man In The Dark,1953,46036,0
279,6696,Man In The Dark,1953,46036,0
280,6720,Man In The Dark,1953,46036,0
281,6744,Man In The Dark,1953,46036,0
282,6768,Man In The Dark,1953,46036,0
283,6792,Man In The Dark,1953,46036,0
284,6816,Man In The Dark,1953,46036,0
285,6840,Man In The Dark,1953,46036,0
286,6864,Man In The Dark,1953,46036,0
287,6888,Man In The Dark,1953,46036,0
288,6912,Man In The Dark,1953,46036,0
289,6936,Man In The Dark,1953,46036,0
290,6960,Man In The Dark,1953,46036,0
291,6984,Man In The Dark,1953,46036,0
292,7008,Man In The Dark,1953,46036,0
293,7032,Man In The Dark,1953,46036,0
294,7056,Man In The Dark,1953,46036,0
295,7080,Man In The Dark,1953,46036,0
296,7104,Man In The Dark,1953,46036,0
297,7128,Man In The Dark,1953,46036,0
298,7152,Man In The Dark,1953,46036,0
299,7176,Man In The Dark,1953,46036,0
300,7200,Man In The Dark,1953,46036,0
301,7224,Man In The Dark,1953,46036,0
302,7248,Man In The Dark,1953,46036,0
303,7272,Man In The Dark,1953,46036,0
304,7296,Man In The Dark,1953,46036,0
305,7320,Man In The Dark,1953,46036,0
306,7344,Man In The Dark,1953,46036,0
307,7368,Man In The Dark,1953,46036,0
308,7392,Man In The Dark,1953,46036,0
309,7416,Man In The Dark,1953,46036,0
310,7440,Man In The Dark,1953,46036,0
311,7464,Man In The Dark,1953,46036,0
312,7488,Man In The Dark,1953,46036,0
313,7512,Man In The Dark,1953,46036,0
314,7536,Man In The Dark,1953,46036,0
315,7560,Man In The Dark,1953,46036,0
316,7584,Man In The Dark,1953,46036,0
317,7608,Man In The Dark,1953,46036,0
318,7632,Man In The Dark,1953,46036,0
319,7656,Man In The Dark,1953,46036,0
320,7680,Man In The Dark,1953,46036,0
321,7704,Man In The Dark,1953,46036,0
322,7728,Man In The Dark,1953,46036,0
323,7752,Man In The Dark,1953,46036,0
324,7776,Man In The Dark,1953,46036,0
325,7800,Man In The Dark,1953,46036,0
326,7824,Man In The Dark,1953,46036,0
327,7848,Man In The Dark,1953,46036,0
328,7872,Man In The Dark,1953,46036,0
329,7896,Man In The Dark,1953,46036,0
330,7920,Man In The Dark,1953,46036,0
331,7944,Man In The Dark,1953,46036,0
332,7968,Man In The Dark,1953,46036,0
333,7992,Man In The Dark,1953,46036,0
334,8016,Man In The Dark,1953,46036,0
335,8040,Man In The Dark,1953,46036,0
336,8064,Man In The Dark,1953,46036,0
337,8088,Man In The Dark,1953,46036,0
338,8112,Man In The Dark,1953,46036,0
339,8136,Man In The Dark,1953,46036,0
340,8160,Man In The Dark,1953,46036,0
341,8184,Man In The Dark,1953,46036,0
342,8208,Man In The Dark,1953,46036,0
343,8232,Man In The Dark,1953,46036,0
344,8256,Man In The Dark,1953,46036,0
345,8280,Man In The Dark,1953,46036,0
346,8304,Man In The Dark,1953,46036,0
347,8328,Man In The Dark,1953,46036,0
348,8352,Man In The Dark,1953,46036,0
349,8376,Man In The Dark,1953,46036,0
350,8400,Man In The Dark,1953,46036,0
351,8424,Man In The Dark,1953,46036,0
352,8448,Man In The Dark,1953,46036,0
353,8472,Man In The Dark,1953,46036,0
354,8496,Man In The Dark,1953,46036,0
355,8520,Man In The Dark,1953,46036,0
356,8544,Man In The Dark,1953,46036,0
357,8568,Man In The Dark,1953,46036,0
358,8592,Man In The Dark,1953,46036,0
359,8616,Man In The Dark,1953,46036,0
360,8640,Man In The Dark,1953,46036,0
361,8664,Man In The Dark,1953,46036,0
362,8688,Man In The Dark,1953,46036,0
363,8712,Man In The Dark,1953,46036,0
364,8736,Man In The Dark,1953,46036,0
365,8760,Man In The Dark,1953,46036,0
366,8784,Man In The Dark,1953,46036,0
367,8808,Man In The Dark,1953,46036,0
368,8832,Man In The Dark,1953,46036,0
369,8856,Man In The Dark,1953,46036,0
370,8880,Man In The Dark,1953,46036,0
371,8904,Man In The Dark,1953,46036,0
372,8928,Man In The Dark,1953,46036,0
373,8952,Man In The Dark,1953,46036,0
374,8976,Man In The Dark,1953,46036,0
375,9000,Man In The Dark,1953,46036,0
376,9024,Man In The Dark,1953,46036,0
377,9048,Man In The Dark,1953,46036,0
378,9072,Man In The Dark,1953,46036,0
379,9096,Man In The Dark,1953,46036,0
380,9120,Man In The Dark,1953,46036,0
381,9144,Man In The Dark,1953,46036,0
382,9168,Man In The Dark,1953,46036,0
383,9192,Man In The Dark,1953,46036,0
384,9216,Man In The Dark,1953,46036,0
385,9240,Man In The Dark,1953,46036,0
386,9264,Man In The Dark,1953,46036,0
387,9288,Man In The Dark,1953,46036,0
388,9312,Man In The Dark,1953,46036,0
389,9336,Man In The Dark,1953,46036,0
390,9360,Man In The Dark,1953,46036,0
391,9384,Man In The Dark,1953,46036,0
392,9408,Man In The Dark,1953,46036,0
393,9432,Man In The Dark,1953,46036,0
394,9456,Man In The Dark,1953,46036,0
395,9480,Man In The Dark,1953,46036,0
396,9504,Man In The Dark,1953,46036,0
397,9528,Man In The Dark,1953,46036,0
398,9552,Man In The Dark,1953,46036,0
399,9576,Man In The Dark,1953,46036,0
400,9600,Man In The Dark,1953,46036,0
401,9624,Man In The Dark,1953,46036,0
402,9648,Man In The Dark,1953,46036,0
403,9672,Man In The Dark,1953,46036,0
404,9696,Man In The Dark,1953,46036,0
405,9720,Man In The Dark,1953,46036,0
406,9744,Man In The Dark,1953,46036,0
407,9768,Man In The Dark,1953,46036,0
408,9792,Man In The Dark,1953,46036,0
409,9816,Man In The Dark,1953,46036,0
410,9840,Man In The Dark,1953,46036,0
411,9864,Man In The Dark,1953,46036,0
412,9888,Man In The Dark,1953,46036,0
413,9912,Man In The Dark,1953,46036,0
414,9936,Man In The Dark,1953,46036,0
415,9960,Man In The Dark,1953,46036,0
416,9984,Man In The Dark,1953,46036,0
417,10008,Man In The Dark,1953,46036,0
418,10032,Man In The Dark,1953,46036,0
419,10056,Man In The Dark,1953,46036,0
420,10080,Man In The Dark,1953,46036,0
421,10104,Man In The Dark,1953,46036,0
422,10128,Man In The Dark,1953,46036,0
423,10152,Man In The Dark,1953,46036,0
424,10176,Man In The Dark,1953,46036,0
425,10200,Man In The Dark,1953,46036,0
426,10224,Man In The Dark,1953,46036,0
427,10248,Man In The Dark,1953,46036,0
428,10272,Man In The Dark,1953,46036,0
429,10296,Man In The Dark,1953,46036,1
430,10320,Man In The Dark,1953,46036,0
431,10344,Man In The Dark,1953,46036,0
432,10368,Man In The Dark,1953,46036,0
433,10392,Man In The Dark,1953,46036,0
434,10416,Man In The Dark,1953,46036,0
435,10440,Man In The Dark,1953,46036,0
436,10464,Man In The Dark,1953,46036,0
437,10488,Man In The Dark,1953,46036,0
438,10512,Man In The Dark,1953,46036,0
439,10536,Man In The Dark,1953,46036,0
440,10560,Man In The Dark,1953,46036,0
441,10584,Man In The Dark,1953,46036,0
442,10608,Man In The Dark,1953,46036,0
443,10632,Man In The Dark,1953,46036,0
444,10656,Man In The Dark,1953,46036,0
445,10680,Man In The Dark,1953,46036,0
446,10704,Man In The Dark,1953,46036,0
447,10728,Man In The Dark,1953,46036,0
448,10752,Man In The Dark,1953,46036,0
449,10776,Man In The Dark,1953,46036,0
450,10800,Man In The Dark,1953,46036,0
451,10824,Man In The Dark,1953,46036,0
452,10848,Man In The Dark,1953,46036,0
453,10872,Man In The Dark,1953,46036,0
454,10896,Man In The Dark,1953,46036,0
455,10920,Man In The Dark,1953,46036,0
456,10944,Man In The Dark,1953,46036,0
457,10968,Man In The Dark,1953,46036,0
458,10992,Man In The Dark,1953,46036,0
459,11016,Man In The Dark,1953,46036,0
460,11040,Man In The Dark,1953,46036,0
461,11064,Man In The Dark,1953,46036,0
462,11088,Man In The Dark,1953,46036,0
463,11112,Man In The Dark,1953,46036,0
464,11136,Man In The Dark,1953,46036,0
465,11160,Man In The Dark,1953,46036,0
466,11184,Man In The Dark,1953,46036,0
467,11208,Man In The Dark,1953,46036,0
468,11232,Man In The Dark,1953,46036,0
469,11256,Man In The Dark,1953,46036,0
470,11280,Man In The Dark,1953,46036,0
471,11304,Man In The Dark,1953,46036,0
472,11328,Man In The Dark,1953,46036,0
473,11352,Man In The Dark,1953,46036,0
474,11376,Man In The Dark,1953,46036,0
475,11400,Man In The Dark,1953,46036,0
476,11424,Man In The Dark,1953,46036,0
477,11448,Man In The Dark,1953,46036,0
478,11472,Man In The Dark,1953,46036,0
479,11496,Man In The Dark,1953,46036,0
480,11520,Man In The Dark,1953,46036,0
481,11544,Man In The Dark,1953,46036,0
482,11568,Man In The Dark,1953,46036,0
483,11592,Man In The Dark,1953,46036,0
484,11616,Man In The Dark,1953,46036,0
485,11640,Man In The Dark,1953,46036,0
486,11664,Man In The Dark,1953,46036,0
487,11688,Man In The Dark,1953,46036,0
488,11712,Man In The Dark,1953,46036,0
489,11736,Man In The Dark,1953,46036,0
490,11760,Man In The Dark,1953,46036,0
491,11784,Man In The Dark,1953,46036,0
492,11808,Man In The Dark,1953,46036,0
493,11832,Man In The Dark,1953,46036,0
494,11856,Man In The Dark,1953,46036,0
495,11880,Man In The Dark,1953,46036,0
496,11904,Man In The Dark,1953,46036,0
497,11928,Man In The Dark,1953,46036,0
498,11952,Man In The Dark,1953,46036,0
499,11976,Man In The Dark,1953,46036,0
500,12000,Man In The Dark,1953,46036,0
501,12024,Man In The Dark,1953,46036,0
502,12048,Man In The Dark,1953,46036,0
503,12072,Man In The Dark,1953,46036,0
504,12096,Man In The Dark,1953,46036,0
505,12120,Man In The Dark,1953,46036,0
506,12144,Man In The Dark,1953,46036,0
507,12168,Man In The Dark,1953,46036,0
508,12192,Man In The Dark,1953,46036,0
509,12216,Man In The Dark,1953,46036,0
510,12240,Man In The Dark,1953,46036,0
511,12264,Man In The Dark,1953,46036,0
512,12288,Man In The Dark,1953,46036,0
513,12312,Man In The Dark,1953,46036,0
514,12336,Man In The Dark,1953,46036,0
515,12360,Man In The Dark,1953,46036,0
516,12384,Man In The Dark,1953,46036,0
517,12408,Man In The Dark,1953,46036,0
518,12432,Man In The Dark,1953,46036,0
519,12456,Man In The Dark,1953,46036,0
520,12480,Man In The Dark,1953,46036,0
521,12504,Man In The Dark,1953,46036,0
522,12528,Man In The Dark,1953,46036,0
523,12552,Man In The Dark,1953,46036,0
524,12576,Man In The Dark,1953,46036,0
525,12600,Man In The Dark,1953,46036,0
526,12624,Man In The Dark,1953,46036,0
527,12648,Man In The Dark,1953,46036,0
528,12672,Man In The Dark,1953,46036,0
529,12696,Man In The Dark,1953,46036,0
530,12720,Man In The Dark,1953,46036,0
531,12744,Man In The Dark,1953,46036,0
532,12768,Man In The Dark,1953,46036,0
533,12792,Man In The Dark,1953,46036,0
534,12816,Man In The Dark,1953,46036,0
535,12840,Man In The Dark,1953,46036,0
536,12864,Man In The Dark,1953,46036,0
537,12888,Man In The Dark,1953,46036,0
538,12912,Man In The Dark,1953,46036,0
539,12936,Man In The Dark,1953,46036,0
540,12960,Man In The Dark,1953,46036,0
541,12984,Man In The Dark,1953,46036,0
542,13008,Man In The Dark,1953,46036,0
543,13032,Man In The Dark,1953,46036,0
544,13056,Man In The Dark,1953,46036,0
545,13080,Man In The Dark,1953,46036,0
546,13104,Man In The Dark,1953,46036,0
547,13128,Man In The Dark,1953,46036,0
548,13152,Man In The Dark,1953,46036,0
549,13176,Man In The Dark,1953,46036,0
550,13200,Man In The Dark,1953,46036,0
551,13224,Man In The Dark,1953,46036,0
552,13248,Man In The Dark,1953,46036,0
553,13272,Man In The Dark,1953,46036,0
554,13296,Man In The Dark,1953,46036,0
555,13320,Man In The Dark,1953,46036,0
556,13344,Man In The Dark,1953,46036,0
557,13368,Man In The Dark,1953,46036,0
558,13392,Man In The Dark,1953,46036,0
559,13416,Man In The Dark,1953,46036,0
560,13440,Man In The Dark,1953,46036,0
561,13464,Man In The Dark,1953,46036,0
562,13488,Man In The Dark,1953,46036,0
563,13512,Man In The Dark,1953,46036,0
564,13536,Man In The Dark,1953,46036,0
565,13560,Man In The Dark,1953,46036,0
566,13584,Man In The Dark,1953,46036,0
567,13608,Man In The Dark,1953,46036,0
568,13632,Man In The Dark,1953,46036,0
569,13656,Man In The Dark,1953,46036,0
570,13680,Man In The Dark,1953,46036,0
571,13704,Man In The Dark,1953,46036,0
572,13728,Man In The Dark,1953,46036,0
573,13752,Man In The Dark,1953,46036,0
574,13776,Man In The Dark,1953,46036,0
575,13800,Man In The Dark,1953,46036,0
576,13824,Man In The Dark,1953,46036,0
577,13848,Man In The Dark,1953,46036,0
578,13872,Man In The Dark,1953,46036,0
579,13896,Man In The Dark,1953,46036,0
580,13920,Man In The Dark,1953,46036,0
581,13944,Man In The Dark,1953,46036,0
582,13968,Man In The Dark,1953,46036,0
583,13992,Man In The Dark,1953,46036,0
584,14016,Man In The Dark,1953,46036,0
585,14040,Man In The Dark,1953,46036,0
586,14064,Man In The Dark,1953,46036,0
587,14088,Man In The Dark,1953,46036,0
588,14112,Man In The Dark,1953,46036,0
589,14136,Man In The Dark,1953,46036,0
590,14160,Man In The Dark,1953,46036,0
591,14184,Man In The Dark,1953,46036,0
592,14208,Man In The Dark,1953,46036,0
593,14232,Man In The Dark,1953,46036,0
594,14256,Man In The Dark,1953,46036,0
595,14280,Man In The Dark,1953,46036,0
596,14304,Man In The Dark,1953,46036,0
597,14328,Man In The Dark,1953,46036,0
598,14352,Man In The Dark,1953,46036,0
599,14376,Man In The Dark,1953,46036,0
600,14400,Man In The Dark,1953,46036,0
601,14424,Man In The Dark,1953,46036,0
602,14448,Man In The Dark,1953,46036,0
603,14472,Man In The Dark,1953,46036,0
604,14496,Man In The Dark,1953,46036,0
605,14520,Man In The Dark,1953,46036,0
606,14544,Man In The Dark,1953,46036,0
607,14568,Man In The Dark,1953,46036,0
608,14592,Man In The Dark,1953,46036,0
609,14616,Man In The Dark,1953,46036,0
610,14640,Man In The Dark,1953,46036,0
611,14664,Man In The Dark,1953,46036,0
612,14688,Man In The Dark,1953,46036,0
613,14712,Man In The Dark,1953,46036,0
614,14736,Man In The Dark,1953,46036,0
615,14760,Man In The Dark,1953,46036,0
616,14784,Man In The Dark,1953,46036,0
617,14808,Man In The Dark,1953,46036,0
618,14832,Man In The Dark,1953,46036,0
619,14856,Man In The Dark,1953,46036,0
620,14880,Man In The Dark,1953,46036,0
621,14904,Man In The Dark,1953,46036,0
622,14928,Man In The Dark,1953,46036,0
623,14952,Man In The Dark,1953,46036,0
624,14976,Man In The Dark,1953,46036,0
625,15000,Man In The Dark,1953,46036,0
626,15024,Man In The Dark,1953,46036,0
627,15048,Man In The Dark,1953,46036,0
628,15072,Man In The Dark,1953,46036,0
629,15096,Man In The Dark,1953,46036,0
630,15120,Man In The Dark,1953,46036,0
631,15144,Man In The Dark,1953,46036,0
632,15168,Man In The Dark,1953,46036,0
633,15192,Man In The Dark,1953,46036,0
634,15216,Man In The Dark,1953,46036,0
635,15240,Man In The Dark,1953,46036,0
636,15264,Man In The Dark,1953,46036,0
637,15288,Man In The Dark,1953,46036,0
638,15312,Man In The Dark,1953,46036,0
639,15336,Man In The Dark,1953,46036,0
640,15360,Man In The Dark,1953,46036,0
641,15384,Man In The Dark,1953,46036,0
642,15408,Man In The Dark,1953,46036,0
643,15432,Man In The Dark,1953,46036,0
644,15456,Man In The Dark,1953,46036,0
645,15480,Man In The Dark,1953,46036,0
646,15504,Man In The Dark,1953,46036,0
647,15528,Man In The Dark,1953,46036,0
648,15552,Man In The Dark,1953,46036,0
649,15576,Man In The Dark,1953,46036,0
650,15600,Man In The Dark,1953,46036,0
651,15624,Man In The Dark,1953,46036,0
652,15648,Man In The Dark,1953,46036,0
653,15672,Man In The Dark,1953,46036,0
654,15696,Man In The Dark,1953,46036,1
655,15720,Man In The Dark,1953,46036,1
656,15744,Man In The Dark,1953,46036,0
657,15768,Man In The Dark,1953,46036,0
658,15792,Man In The Dark,1953,46036,0
659,15816,Man In The Dark,1953,46036,0
660,15840,Man In The Dark,1953,46036,0
661,15864,Man In The Dark,1953,46036,0
662,15888,Man In The Dark,1953,46036,0
663,15912,Man In The Dark,1953,46036,0
664,15936,Man In The Dark,1953,46036,0
665,15960,Man In The Dark,1953,46036,1
666,15984,Man In The Dark,1953,46036,0
667,16008,Man In The Dark,1953,46036,0
668,16032,Man In The Dark,1953,46036,0
669,16056,Man In The Dark,1953,46036,0
670,16080,Man In The Dark,1953,46036,0
671,16104,Man In The Dark,1953,46036,0
672,16128,Man In The Dark,1953,46036,0
673,16152,Man In The Dark,1953,46036,0
674,16176,Man In The Dark,1953,46036,0
675,16200,Man In The Dark,1953,46036,0
676,16224,Man In The Dark,1953,46036,0
677,16248,Man In The Dark,1953,46036,0
678,16272,Man In The Dark,1953,46036,0
679,16296,Man In The Dark,1953,46036,0
680,16320,Man In The Dark,1953,46036,0
681,16344,Man In The Dark,1953,46036,0
682,16368,Man In The Dark,1953,46036,0
683,16392,Man In The Dark,1953,46036,0
684,16416,Man In The Dark,1953,46036,0
685,16440,Man In The Dark,1953,46036,0
686,16464,Man In The Dark,1953,46036,0
687,16488,Man In The Dark,1953,46036,0
688,16512,Man In The Dark,1953,46036,0
689,16536,Man In The Dark,1953,46036,0
690,16560,Man In The Dark,1953,46036,0
691,16584,Man In The Dark,1953,46036,0
692,16608,Man In The Dark,1953,46036,0
693,16632,Man In The Dark,1953,46036,0
694,16656,Man In The Dark,1953,46036,0
695,16680,Man In The Dark,1953,46036,0
696,16704,Man In The Dark,1953,46036,0
697,16728,Man In The Dark,1953,46036,0
698,16752,Man In The Dark,1953,46036,0
699,16776,Man In The Dark,1953,46036,0
700,16800,Man In The Dark,1953,46036,0
701,16824,Man In The Dark,1953,46036,0
702,16848,Man In The Dark,1953,46036,0
703,16872,Man In The Dark,1953,46036,0
704,16896,Man In The Dark,1953,46036,0
705,16920,Man In The Dark,1953,46036,0
706,16944,Man In The Dark,1953,46036,0
707,16968,Man In The Dark,1953,46036,0
708,16992,Man In The Dark,1953,46036,0
709,17016,Man In The Dark,1953,46036,0
710,17040,Man In The Dark,1953,46036,0
711,17064,Man In The Dark,1953,46036,0
712,17088,Man In The Dark,1953,46036,0
713,17112,Man In The Dark,1953,46036,0
714,17136,Man In The Dark,1953,46036,1
715,17160,Man In The Dark,1953,46036,1
716,17184,Man In The Dark,1953,46036,1
717,17208,Man In The Dark,1953,46036,1
718,17232,Man In The Dark,1953,46036,1
719,17256,Man In The Dark,1953,46036,1
720,17280,Man In The Dark,1953,46036,1
721,17304,Man In The Dark,1953,46036,1
722,17328,Man In The Dark,1953,46036,1
723,17352,Man In The Dark,1953,46036,1
724,17376,Man In The Dark,1953,46036,0
725,17400,Man In The Dark,1953,46036,0
726,17424,Man In The Dark,1953,46036,0
727,17448,Man In The Dark,1953,46036,1
728,17472,Man In The Dark,1953,46036,1
729,17496,Man In The Dark,1953,46036,1
730,17520,Man In The Dark,1953,46036,1
731,17544,Man In The Dark,1953,46036,1
732,17568,Man In The Dark,1953,46036,1
733,17592,Man In The Dark,1953,46036,1
734,17616,Man In The Dark,1953,46036,0
735,17640,Man In The Dark,1953,46036,0
736,17664,Man In The Dark,1953,46036,1
737,17688,Man In The Dark,1953,46036,1
738,17712,Man In The Dark,1953,46036,1
739,17736,Man In The Dark,1953,46036,1
740,17760,Man In The Dark,1953,46036,0
741,17784,Man In The Dark,1953,46036,0
742,17808,Man In The Dark,1953,46036,1
743,17832,Man In The Dark,1953,46036,0
744,17856,Man In The Dark,1953,46036,1
745,17880,Man In The Dark,1953,46036,1
746,17904,Man In The Dark,1953,46036,1
747,17928,Man In The Dark,1953,46036,1
748,17952,Man In The Dark,1953,46036,1
749,17976,Man In The Dark,1953,46036,1
750,18000,Man In The Dark,1953,46036,1
751,18024,Man In The Dark,1953,46036,1
752,18048,Man In The Dark,1953,46036,1
753,18072,Man In The Dark,1953,46036,1
754,18096,Man In The Dark,1953,46036,1
755,18120,Man In The Dark,1953,46036,1
756,18144,Man In The Dark,1953,46036,0
757,18168,Man In The Dark,1953,46036,1
758,18192,Man In The Dark,1953,46036,1
759,18216,Man In The Dark,1953,46036,1
760,18240,Man In The Dark,1953,46036,1
761,18264,Man In The Dark,1953,46036,1
762,18288,Man In The Dark,1953,46036,1
763,18312,Man In The Dark,1953,46036,1
764,18336,Man In The Dark,1953,46036,1
765,18360,Man In The Dark,1953,46036,1
766,18384,Man In The Dark,1953,46036,1
767,18408,Man In The Dark,1953,46036,1
768,18432,Man In The Dark,1953,46036,0
769,18456,Man In The Dark,1953,46036,1
770,18480,Man In The Dark,1953,46036,1
771,18504,Man In The Dark,1953,46036,1
772,18528,Man In The Dark,1953,46036,1
773,18552,Man In The Dark,1953,46036,1
774,18576,Man In The Dark,1953,46036,1
775,18600,Man In The Dark,1953,46036,1
776,18624,Man In The Dark,1953,46036,1
777,18648,Man In The Dark,1953,46036,1
778,18672,Man In The Dark,1953,46036,0
779,18696,Man In The Dark,1953,46036,1
780,18720,Man In The Dark,1953,46036,1
781,18744,Man In The Dark,1953,46036,1
782,18768,Man In The Dark,1953,46036,0
783,18792,Man In The Dark,1953,46036,0
784,18816,Man In The Dark,1953,46036,1
785,18840,Man In The Dark,1953,46036,1
786,18864,Man In The Dark,1953,46036,1
787,18888,Man In The Dark,1953,46036,1
788,18912,Man In The Dark,1953,46036,1
789,18936,Man In The Dark,1953,46036,0
790,18960,Man In The Dark,1953,46036,1
791,18984,Man In The Dark,1953,46036,1
792,19008,Man In The Dark,1953,46036,1
793,19032,Man In The Dark,1953,46036,1
794,19056,Man In The Dark,1953,46036,1
795,19080,Man In The Dark,1953,46036,1
796,19104,Man In The Dark,1953,46036,1
797,19128,Man In The Dark,1953,46036,1
798,19152,Man In The Dark,1953,46036,1
799,19176,Man In The Dark,1953,46036,1
800,19200,Man In The Dark,1953,46036,1
801,19224,Man In The Dark,1953,46036,0
802,19248,Man In The Dark,1953,46036,1
803,19272,Man In The Dark,1953,46036,1
804,19296,Man In The Dark,1953,46036,1
805,19320,Man In The Dark,1953,46036,1
806,19344,Man In The Dark,1953,46036,1
807,19368,Man In The Dark,1953,46036,1
808,19392,Man In The Dark,1953,46036,1
809,19416,Man In The Dark,1953,46036,1
810,19440,Man In The Dark,1953,46036,0
811,19464,Man In The Dark,1953,46036,1
812,19488,Man In The Dark,1953,46036,0
813,19512,Man In The Dark,1953,46036,1
814,19536,Man In The Dark,1953,46036,0
815,19560,Man In The Dark,1953,46036,1
816,19584,Man In The Dark,1953,46036,1
817,19608,Man In The Dark,1953,46036,1
818,19632,Man In The Dark,1953,46036,1
819,19656,Man In The Dark,1953,46036,1
820,19680,Man In The Dark,1953,46036,1
821,19704,Man In The Dark,1953,46036,0
822,19728,Man In The Dark,1953,46036,1
823,19752,Man In The Dark,1953,46036,0
824,19776,Man In The Dark,1953,46036,0
825,19800,Man In The Dark,1953,46036,0
826,19824,Man In The Dark,1953,46036,1
827,19848,Man In The Dark,1953,46036,0
828,19872,Man In The Dark,1953,46036,0
829,19896,Man In The Dark,1953,46036,0
830,19920,Man In The Dark,1953,46036,0
831,19944,Man In The Dark,1953,46036,0
832,19968,Man In The Dark,1953,46036,0
833,19992,Man In The Dark,1953,46036,0
834,20016,Man In The Dark,1953,46036,0
835,20040,Man In The Dark,1953,46036,0
836,20064,Man In The Dark,1953,46036,0
837,20088,Man In The Dark,1953,46036,0
838,20112,Man In The Dark,1953,46036,0
839,20136,Man In The Dark,1953,46036,0
840,20160,Man In The Dark,1953,46036,0
841,20184,Man In The Dark,1953,46036,0
842,20208,Man In The Dark,1953,46036,0
843,20232,Man In The Dark,1953,46036,0
844,20256,Man In The Dark,1953,46036,0
845,20280,Man In The Dark,1953,46036,0
846,20304,Man In The Dark,1953,46036,0
847,20328,Man In The Dark,1953,46036,0
848,20352,Man In The Dark,1953,46036,0
849,20376,Man In The Dark,1953,46036,0
850,20400,Man In The Dark,1953,46036,0
851,20424,Man In The Dark,1953,46036,0
852,20448,Man In The Dark,1953,46036,0
853,20472,Man In The Dark,1953,46036,0
854,20496,Man In The Dark,1953,46036,0
855,20520,Man In The Dark,1953,46036,0
856,20544,Man In The Dark,1953,46036,0
857,20568,Man In The Dark,1953,46036,0
858,20592,Man In The Dark,1953,46036,0
859,20616,Man In The Dark,1953,46036,0
860,20640,Man In The Dark,1953,46036,0
861,20664,Man In The Dark,1953,46036,0
862,20688,Man In The Dark,1953,46036,0
863,20712,Man In The Dark,1953,46036,0
864,20736,Man In The Dark,1953,46036,0
865,20760,Man In The Dark,1953,46036,0
866,20784,Man In The Dark,1953,46036,0
867,20808,Man In The Dark,1953,46036,0
868,20832,Man In The Dark,1953,46036,0
869,20856,Man In The Dark,1953,46036,0
870,20880,Man In The Dark,1953,46036,0
871,20904,Man In The Dark,1953,46036,0
872,20928,Man In The Dark,1953,46036,0
873,20952,Man In The Dark,1953,46036,0
874,20976,Man In The Dark,1953,46036,0
875,21000,Man In The Dark,1953,46036,0
876,21024,Man In The Dark,1953,46036,0
877,21048,Man In The Dark,1953,46036,0
878,21072,Man In The Dark,1953,46036,0
879,21096,Man In The Dark,1953,46036,0
880,21120,Man In The Dark,1953,46036,0
881,21144,Man In The Dark,1953,46036,0
882,21168,Man In The Dark,1953,46036,0
883,21192,Man In The Dark,1953,46036,0
884,21216,Man In The Dark,1953,46036,0
885,21240,Man In The Dark,1953,46036,0
886,21264,Man In The Dark,1953,46036,0
887,21288,Man In The Dark,1953,46036,0
888,21312,Man In The Dark,1953,46036,0
889,21336,Man In The Dark,1953,46036,0
890,21360,Man In The Dark,1953,46036,0
891,21384,Man In The Dark,1953,46036,0
892,21408,Man In The Dark,1953,46036,0
893,21432,Man In The Dark,1953,46036,0
894,21456,Man In The Dark,1953,46036,0
895,21480,Man In The Dark,1953,46036,0
896,21504,Man In The Dark,1953,46036,0
897,21528,Man In The Dark,1953,46036,0
898,21552,Man In The Dark,1953,46036,0
899,21576,Man In The Dark,1953,46036,0
900,21600,Man In The Dark,1953,46036,0
901,21624,Man In The Dark,1953,46036,0
902,21648,Man In The Dark,1953,46036,0
903,21672,Man In The Dark,1953,46036,0
904,21696,Man In The Dark,1953,46036,0
905,21720,Man In The Dark,1953,46036,0
906,21744,Man In The Dark,1953,46036,0
907,21768,Man In The Dark,1953,46036,0
908,21792,Man In The Dark,1953,46036,0
909,21816,Man In The Dark,1953,46036,0
910,21840,Man In The Dark,1953,46036,0
911,21864,Man In The Dark,1953,46036,0
912,21888,Man In The Dark,1953,46036,0
913,21912,Man In The Dark,1953,46036,0
914,21936,Man In The Dark,1953,46036,0
915,21960,Man In The Dark,1953,46036,0
916,21984,Man In The Dark,1953,46036,0
917,22008,Man In The Dark,1953,46036,0
918,22032,Man In The Dark,1953,46036,0
919,22056,Man In The Dark,1953,46036,0
920,22080,Man In The Dark,1953,46036,0
921,22104,Man In The Dark,1953,46036,0
922,22128,Man In The Dark,1953,46036,0
923,22152,Man In The Dark,1953,46036,0
924,22176,Man In The Dark,1953,46036,0
925,22200,Man In The Dark,1953,46036,0
926,22224,Man In The Dark,1953,46036,0
927,22248,Man In The Dark,1953,46036,0
928,22272,Man In The Dark,1953,46036,0
929,22296,Man In The Dark,1953,46036,0
930,22320,Man In The Dark,1953,46036,0
931,22344,Man In The Dark,1953,46036,0
932,22368,Man In The Dark,1953,46036,0
933,22392,Man In The Dark,1953,46036,0
934,22416,Man In The Dark,1953,46036,0
935,22440,Man In The Dark,1953,46036,0
936,22464,Man In The Dark,1953,46036,0
937,22488,Man In The Dark,1953,46036,0
938,22512,Man In The Dark,1953,46036,0
939,22536,Man In The Dark,1953,46036,0
940,22560,Man In The Dark,1953,46036,0
941,22584,Man In The Dark,1953,46036,0
942,22608,Man In The Dark,1953,46036,0
943,22632,Man In The Dark,1953,46036,0
944,22656,Man In The Dark,1953,46036,0
945,22680,Man In The Dark,1953,46036,0
946,22704,Man In The Dark,1953,46036,0
947,22728,Man In The Dark,1953,46036,0
948,22752,Man In The Dark,1953,46036,0
949,22776,Man In The Dark,1953,46036,0
950,22800,Man In The Dark,1953,46036,0
951,22824,Man In The Dark,1953,46036,0
952,22848,Man In The Dark,1953,46036,0
953,22872,Man In The Dark,1953,46036,0
954,22896,Man In The Dark,1953,46036,0
955,22920,Man In The Dark,1953,46036,0
956,22944,Man In The Dark,1953,46036,0
957,22968,Man In The Dark,1953,46036,0
958,22992,Man In The Dark,1953,46036,0
959,23016,Man In The Dark,1953,46036,0
960,23040,Man In The Dark,1953,46036,0
961,23064,Man In The Dark,1953,46036,0
962,23088,Man In The Dark,1953,46036,0
963,23112,Man In The Dark,1953,46036,0
964,23136,Man In The Dark,1953,46036,0
965,23160,Man In The Dark,1953,46036,0
966,23184,Man In The Dark,1953,46036,0
967,23208,Man In The Dark,1953,46036,0
968,23232,Man In The Dark,1953,46036,0
969,23256,Man In The Dark,1953,46036,0
970,23280,Man In The Dark,1953,46036,0
971,23304,Man In The Dark,1953,46036,0
972,23328,Man In The Dark,1953,46036,0
973,23352,Man In The Dark,1953,46036,0
974,23376,Man In The Dark,1953,46036,0
975,23400,Man In The Dark,1953,46036,0
976,23424,Man In The Dark,1953,46036,0
977,23448,Man In The Dark,1953,46036,0
978,23472,Man In The Dark,1953,46036,0
979,23496,Man In The Dark,1953,46036,0
980,23520,Man In The Dark,1953,46036,0
981,23544,Man In The Dark,1953,46036,0
982,23568,Man In The Dark,1953,46036,0
983,23592,Man In The Dark,1953,46036,0
984,23616,Man In The Dark,1953,46036,0
985,23640,Man In The Dark,1953,46036,0
986,23664,Man In The Dark,1953,46036,0
987,23688,Man In The Dark,1953,46036,0
988,23712,Man In The Dark,1953,46036,0
989,23736,Man In The Dark,1953,46036,0
990,23760,Man In The Dark,1953,46036,0
991,23784,Man In The Dark,1953,46036,0
992,23808,Man In The Dark,1953,46036,0
993,23832,Man In The Dark,1953,46036,0
994,23856,Man In The Dark,1953,46036,0
995,23880,Man In The Dark,1953,46036,0
996,23904,Man In The Dark,1953,46036,0
997,23928,Man In The Dark,1953,46036,0
998,23952,Man In The Dark,1953,46036,0
999,23976,Man In The Dark,1953,46036,0
1000,24000,Man In The Dark,1953,46036,0
1001,24024,Man In The Dark,1953,46036,0
1002,24048,Man In The Dark,1953,46036,0
1003,24072,Man In The Dark,1953,46036,0
1004,24096,Man In The Dark,1953,46036,0
1005,24120,Man In The Dark,1953,46036,0
1006,24144,Man In The Dark,1953,46036,0
1007,24168,Man In The Dark,1953,46036,0
1008,24192,Man In The Dark,1953,46036,0
1009,24216,Man In The Dark,1953,46036,0
1010,24240,Man In The Dark,1953,46036,0
1011,24264,Man In The Dark,1953,46036,0
1012,24288,Man In The Dark,1953,46036,0
1013,24312,Man In The Dark,1953,46036,0
1014,24336,Man In The Dark,1953,46036,0
1015,24360,Man In The Dark,1953,46036,0
1016,24384,Man In The Dark,1953,46036,0
1017,24408,Man In The Dark,1953,46036,0
1018,24432,Man In The Dark,1953,46036,0
1019,24456,Man In The Dark,1953,46036,0
1020,24480,Man In The Dark,1953,46036,0
1021,24504,Man In The Dark,1953,46036,0
1022,24528,Man In The Dark,1953,46036,0
1023,24552,Man In The Dark,1953,46036,0
1024,24576,Man In The Dark,1953,46036,0
1025,24600,Man In The Dark,1953,46036,0
1026,24624,Man In The Dark,1953,46036,0
1027,24648,Man In The Dark,1953,46036,0
1028,24672,Man In The Dark,1953,46036,0
1029,24696,Man In The Dark,1953,46036,0
1030,24720,Man In The Dark,1953,46036,0
1031,24744,Man In The Dark,1953,46036,0
1032,24768,Man In The Dark,1953,46036,0
1033,24792,Man In The Dark,1953,46036,0
1034,24816,Man In The Dark,1953,46036,0
1035,24840,Man In The Dark,1953,46036,0
1036,24864,Man In The Dark,1953,46036,0
1037,24888,Man In The Dark,1953,46036,0
1038,24912,Man In The Dark,1953,46036,0
1039,24936,Man In The Dark,1953,46036,0
1040,24960,Man In The Dark,1953,46036,0
1041,24984,Man In The Dark,1953,46036,0
1042,25008,Man In The Dark,1953,46036,0
1043,25032,Man In The Dark,1953,46036,0
1044,25056,Man In The Dark,1953,46036,0
1045,25080,Man In The Dark,1953,46036,0
1046,25104,Man In The Dark,1953,46036,0
1047,25128,Man In The Dark,1953,46036,0
1048,25152,Man In The Dark,1953,46036,0
1049,25176,Man In The Dark,1953,46036,0
1050,25200,Man In The Dark,1953,46036,0
1051,25224,Man In The Dark,1953,46036,0
1052,25248,Man In The Dark,1953,46036,0
1053,25272,Man In The Dark,1953,46036,0
1054,25296,Man In The Dark,1953,46036,0
1055,25320,Man In The Dark,1953,46036,0
1056,25344,Man In The Dark,1953,46036,0
1057,25368,Man In The Dark,1953,46036,0
1058,25392,Man In The Dark,1953,46036,0
1059,25416,Man In The Dark,1953,46036,0
1060,25440,Man In The Dark,1953,46036,0
1061,25464,Man In The Dark,1953,46036,0
1062,25488,Man In The Dark,1953,46036,0
1063,25512,Man In The Dark,1953,46036,0
1064,25536,Man In The Dark,1953,46036,0
1065,25560,Man In The Dark,1953,46036,0
1066,25584,Man In The Dark,1953,46036,0
1067,25608,Man In The Dark,1953,46036,0
1068,25632,Man In The Dark,1953,46036,0
1069,25656,Man In The Dark,1953,46036,0
1070,25680,Man In The Dark,1953,46036,0
1071,25704,Man In The Dark,1953,46036,0
1072,25728,Man In The Dark,1953,46036,0
1073,25752,Man In The Dark,1953,46036,0
1074,25776,Man In The Dark,1953,46036,0
1075,25800,Man In The Dark,1953,46036,0
1076,25824,Man In The Dark,1953,46036,0
1077,25848,Man In The Dark,1953,46036,0
1078,25872,Man In The Dark,1953,46036,0
1079,25896,Man In The Dark,1953,46036,0
1080,25920,Man In The Dark,1953,46036,0
1081,25944,Man In The Dark,1953,46036,0
1082,25968,Man In The Dark,1953,46036,0
1083,25992,Man In The Dark,1953,46036,0
1084,26016,Man In The Dark,1953,46036,0
1085,26040,Man In The Dark,1953,46036,0
1086,26064,Man In The Dark,1953,46036,0
1087,26088,Man In The Dark,1953,46036,0
1088,26112,Man In The Dark,1953,46036,1
1089,26136,Man In The Dark,1953,46036,0
1090,26160,Man In The Dark,1953,46036,0
1091,26184,Man In The Dark,1953,46036,0
1092,26208,Man In The Dark,1953,46036,0
1093,26232,Man In The Dark,1953,46036,0
1094,26256,Man In The Dark,1953,46036,0
1095,26280,Man In The Dark,1953,46036,0
1096,26304,Man In The Dark,1953,46036,0
1097,26328,Man In The Dark,1953,46036,0
1098,26352,Man In The Dark,1953,46036,0
1099,26376,Man In The Dark,1953,46036,0
1100,26400,Man In The Dark,1953,46036,0
1101,26424,Man In The Dark,1953,46036,0
1102,26448,Man In The Dark,1953,46036,0
1103,26472,Man In The Dark,1953,46036,0
1104,26496,Man In The Dark,1953,46036,0
1105,26520,Man In The Dark,1953,46036,0
1106,26544,Man In The Dark,1953,46036,0
1107,26568,Man In The Dark,1953,46036,0
1108,26592,Man In The Dark,1953,46036,0
1109,26616,Man In The Dark,1953,46036,0
1110,26640,Man In The Dark,1953,46036,0
1111,26664,Man In The Dark,1953,46036,0
1112,26688,Man In The Dark,1953,46036,0
1113,26712,Man In The Dark,1953,46036,0
1114,26736,Man In The Dark,1953,46036,0
1115,26760,Man In The Dark,1953,46036,0
1116,26784,Man In The Dark,1953,46036,0
1117,26808,Man In The Dark,1953,46036,0
1118,26832,Man In The Dark,1953,46036,0
1119,26856,Man In The Dark,1953,46036,0
1120,26880,Man In The Dark,1953,46036,0
1121,26904,Man In The Dark,1953,46036,0
1122,26928,Man In The Dark,1953,46036,0
1123,26952,Man In The Dark,1953,46036,0
1124,26976,Man In The Dark,1953,46036,0
1125,27000,Man In The Dark,1953,46036,0
1126,27024,Man In The Dark,1953,46036,0
1127,27048,Man In The Dark,1953,46036,0
1128,27072,Man In The Dark,1953,46036,0
1129,27096,Man In The Dark,1953,46036,0
1130,27120,Man In The Dark,1953,46036,0
1131,27144,Man In The Dark,1953,46036,0
1132,27168,Man In The Dark,1953,46036,0
1133,27192,Man In The Dark,1953,46036,0
1134,27216,Man In The Dark,1953,46036,0
1135,27240,Man In The Dark,1953,46036,0
1136,27264,Man In The Dark,1953,46036,0
1137,27288,Man In The Dark,1953,46036,0
1138,27312,Man In The Dark,1953,46036,0
1139,27336,Man In The Dark,1953,46036,0
1140,27360,Man In The Dark,1953,46036,0
1141,27384,Man In The Dark,1953,46036,0
1142,27408,Man In The Dark,1953,46036,0
1143,27432,Man In The Dark,1953,46036,0
1144,27456,Man In The Dark,1953,46036,0
1145,27480,Man In The Dark,1953,46036,0
1146,27504,Man In The Dark,1953,46036,0
1147,27528,Man In The Dark,1953,46036,0
1148,27552,Man In The Dark,1953,46036,0
1149,27576,Man In The Dark,1953,46036,0
1150,27600,Man In The Dark,1953,46036,0
1151,27624,Man In The Dark,1953,46036,0
1152,27648,Man In The Dark,1953,46036,0
1153,27672,Man In The Dark,1953,46036,0
1154,27696,Man In The Dark,1953,46036,0
1155,27720,Man In The Dark,1953,46036,0
1156,27744,Man In The Dark,1953,46036,0
1157,27768,Man In The Dark,1953,46036,0
1158,27792,Man In The Dark,1953,46036,0
1159,27816,Man In The Dark,1953,46036,0
1160,27840,Man In The Dark,1953,46036,0
1161,27864,Man In The Dark,1953,46036,0
1162,27888,Man In The Dark,1953,46036,0
1163,27912,Man In The Dark,1953,46036,0
1164,27936,Man In The Dark,1953,46036,0
1165,27960,Man In The Dark,1953,46036,0
1166,27984,Man In The Dark,1953,46036,0
1167,28008,Man In The Dark,1953,46036,0
1168,28032,Man In The Dark,1953,46036,0
1169,28056,Man In The Dark,1953,46036,0
1170,28080,Man In The Dark,1953,46036,0
1171,28104,Man In The Dark,1953,46036,0
1172,28128,Man In The Dark,1953,46036,0
1173,28152,Man In The Dark,1953,46036,0
1174,28176,Man In The Dark,1953,46036,0
1175,28200,Man In The Dark,1953,46036,0
1176,28224,Man In The Dark,1953,46036,0
1177,28248,Man In The Dark,1953,46036,0
1178,28272,Man In The Dark,1953,46036,0
1179,28296,Man In The Dark,1953,46036,0
1180,28320,Man In The Dark,1953,46036,0
1181,28344,Man In The Dark,1953,46036,0
1182,28368,Man In The Dark,1953,46036,0
1183,28392,Man In The Dark,1953,46036,0
1184,28416,Man In The Dark,1953,46036,0
1185,28440,Man In The Dark,1953,46036,0
1186,28464,Man In The Dark,1953,46036,0
1187,28488,Man In The Dark,1953,46036,0
1188,28512,Man In The Dark,1953,46036,0
1189,28536,Man In The Dark,1953,46036,0
1190,28560,Man In The Dark,1953,46036,0
1191,28584,Man In The Dark,1953,46036,0
1192,28608,Man In The Dark,1953,46036,0
1193,28632,Man In The Dark,1953,46036,0
1194,28656,Man In The Dark,1953,46036,0
1195,28680,Man In The Dark,1953,46036,0
1196,28704,Man In The Dark,1953,46036,0
1197,28728,Man In The Dark,1953,46036,0
1198,28752,Man In The Dark,1953,46036,0
1199,28776,Man In The Dark,1953,46036,0
1200,28800,Man In The Dark,1953,46036,0
1201,28824,Man In The Dark,1953,46036,0
1202,28848,Man In The Dark,1953,46036,0
1203,28872,Man In The Dark,1953,46036,0
1204,28896,Man In The Dark,1953,46036,0
1205,28920,Man In The Dark,1953,46036,0
1206,28944,Man In The Dark,1953,46036,0
1207,28968,Man In The Dark,1953,46036,0
1208,28992,Man In The Dark,1953,46036,0
1209,29016,Man In The Dark,1953,46036,0
1210,29040,Man In The Dark,1953,46036,0
1211,29064,Man In The Dark,1953,46036,0
1212,29088,Man In The Dark,1953,46036,0
1213,29112,Man In The Dark,1953,46036,0
1214,29136,Man In The Dark,1953,46036,0
1215,29160,Man In The Dark,1953,46036,0
1216,29184,Man In The Dark,1953,46036,0
1217,29208,Man In The Dark,1953,46036,0
1218,29232,Man In The Dark,1953,46036,0
1219,29256,Man In The Dark,1953,46036,0
1220,29280,Man In The Dark,1953,46036,0
1221,29304,Man In The Dark,1953,46036,0
1222,29328,Man In The Dark,1953,46036,0
1223,29352,Man In The Dark,1953,46036,0
1224,29376,Man In The Dark,1953,46036,0
1225,29400,Man In The Dark,1953,46036,0
1226,29424,Man In The Dark,1953,46036,0
1227,29448,Man In The Dark,1953,46036,0
1228,29472,Man In The Dark,1953,46036,0
1229,29496,Man In The Dark,1953,46036,0
1230,29520,Man In The Dark,1953,46036,0
1231,29544,Man In The Dark,1953,46036,0
1232,29568,Man In The Dark,1953,46036,0
1233,29592,Man In The Dark,1953,46036,0
1234,29616,Man In The Dark,1953,46036,0
1235,29640,Man In The Dark,1953,46036,0
1236,29664,Man In The Dark,1953,46036,0
1237,29688,Man In The Dark,1953,46036,0
1238,29712,Man In The Dark,1953,46036,0
1239,29736,Man In The Dark,1953,46036,0
1240,29760,Man In The Dark,1953,46036,0
1241,29784,Man In The Dark,1953,46036,0
1242,29808,Man In The Dark,1953,46036,0
1243,29832,Man In The Dark,1953,46036,0
1244,29856,Man In The Dark,1953,46036,0
1245,29880,Man In The Dark,1953,46036,0
1246,29904,Man In The Dark,1953,46036,0
1247,29928,Man In The Dark,1953,46036,0
1248,29952,Man In The Dark,1953,46036,0
1249,29976,Man In The Dark,1953,46036,0
1250,30000,Man In The Dark,1953,46036,0
1251,30024,Man In The Dark,1953,46036,0
1252,30048,Man In The Dark,1953,46036,0
1253,30072,Man In The Dark,1953,46036,0
1254,30096,Man In The Dark,1953,46036,0
1255,30120,Man In The Dark,1953,46036,0
1256,30144,Man In The Dark,1953,46036,0
1257,30168,Man In The Dark,1953,46036,0
1258,30192,Man In The Dark,1953,46036,0
1259,30216,Man In The Dark,1953,46036,0
1260,30240,Man In The Dark,1953,46036,0
1261,30264,Man In The Dark,1953,46036,0
1262,30288,Man In The Dark,1953,46036,0
1263,30312,Man In The Dark,1953,46036,0
1264,30336,Man In The Dark,1953,46036,0
1265,30360,Man In The Dark,1953,46036,0
1266,30384,Man In The Dark,1953,46036,0
1267,30408,Man In The Dark,1953,46036,0
1268,30432,Man In The Dark,1953,46036,0
1269,30456,Man In The Dark,1953,46036,0
1270,30480,Man In The Dark,1953,46036,0
1271,30504,Man In The Dark,1953,46036,0
1272,30528,Man In The Dark,1953,46036,0
1273,30552,Man In The Dark,1953,46036,0
1274,30576,Man In The Dark,1953,46036,0
1275,30600,Man In The Dark,1953,46036,0
1276,30624,Man In The Dark,1953,46036,0
1277,30648,Man In The Dark,1953,46036,0
1278,30672,Man In The Dark,1953,46036,0
1279,30696,Man In The Dark,1953,46036,0
1280,30720,Man In The Dark,1953,46036,0
1281,30744,Man In The Dark,1953,46036,0
1282,30768,Man In The Dark,1953,46036,0
1283,30792,Man In The Dark,1953,46036,0
1284,30816,Man In The Dark,1953,46036,0
1285,30840,Man In The Dark,1953,46036,0
1286,30864,Man In The Dark,1953,46036,0
1287,30888,Man In The Dark,1953,46036,0
1288,30912,Man In The Dark,1953,46036,0
1289,30936,Man In The Dark,1953,46036,0
1290,30960,Man In The Dark,1953,46036,0
1291,30984,Man In The Dark,1953,46036,0
1292,31008,Man In The Dark,1953,46036,0
1293,31032,Man In The Dark,1953,46036,0
1294,31056,Man In The Dark,1953,46036,0
1295,31080,Man In The Dark,1953,46036,0
1296,31104,Man In The Dark,1953,46036,0
1297,31128,Man In The Dark,1953,46036,0
1298,31152,Man In The Dark,1953,46036,0
1299,31176,Man In The Dark,1953,46036,0
1300,31200,Man In The Dark,1953,46036,0
1301,31224,Man In The Dark,1953,46036,0
1302,31248,Man In The Dark,1953,46036,0
1303,31272,Man In The Dark,1953,46036,0
1304,31296,Man In The Dark,1953,46036,0
1305,31320,Man In The Dark,1953,46036,0
1306,31344,Man In The Dark,1953,46036,0
1307,31368,Man In The Dark,1953,46036,0
1308,31392,Man In The Dark,1953,46036,0
1309,31416,Man In The Dark,1953,46036,0
1310,31440,Man In The Dark,1953,46036,0
1311,31464,Man In The Dark,1953,46036,0
1312,31488,Man In The Dark,1953,46036,0
1313,31512,Man In The Dark,1953,46036,0
1314,31536,Man In The Dark,1953,46036,0
1315,31560,Man In The Dark,1953,46036,0
1316,31584,Man In The Dark,1953,46036,0
1317,31608,Man In The Dark,1953,46036,0
1318,31632,Man In The Dark,1953,46036,0
1319,31656,Man In The Dark,1953,46036,0
1320,31680,Man In The Dark,1953,46036,0
1321,31704,Man In The Dark,1953,46036,0
1322,31728,Man In The Dark,1953,46036,0
1323,31752,Man In The Dark,1953,46036,0
1324,31776,Man In The Dark,1953,46036,0
1325,31800,Man In The Dark,1953,46036,0
1326,31824,Man In The Dark,1953,46036,0
1327,31848,Man In The Dark,1953,46036,0
1328,31872,Man In The Dark,1953,46036,0
1329,31896,Man In The Dark,1953,46036,0
1330,31920,Man In The Dark,1953,46036,0
1331,31944,Man In The Dark,1953,46036,0
1332,31968,Man In The Dark,1953,46036,0
1333,31992,Man In The Dark,1953,46036,0
1334,32016,Man In The Dark,1953,46036,0
1335,32040,Man In The Dark,1953,46036,0
1336,32064,Man In The Dark,1953,46036,0
1337,32088,Man In The Dark,1953,46036,0
1338,32112,Man In The Dark,1953,46036,0
1339,32136,Man In The Dark,1953,46036,0
1340,32160,Man In The Dark,1953,46036,0
1341,32184,Man In The Dark,1953,46036,0
1342,32208,Man In The Dark,1953,46036,0
1343,32232,Man In The Dark,1953,46036,0
1344,32256,Man In The Dark,1953,46036,0
1345,32280,Man In The Dark,1953,46036,0
1346,32304,Man In The Dark,1953,46036,0
1347,32328,Man In The Dark,1953,46036,0
1348,32352,Man In The Dark,1953,46036,0
1349,32376,Man In The Dark,1953,46036,0
1350,32400,Man In The Dark,1953,46036,0
1351,32424,Man In The Dark,1953,46036,0
1352,32448,Man In The Dark,1953,46036,0
1353,32472,Man In The Dark,1953,46036,0
1354,32496,Man In The Dark,1953,46036,0
1355,32520,Man In The Dark,1953,46036,0
1356,32544,Man In The Dark,1953,46036,0
1357,32568,Man In The Dark,1953,46036,0
1358,32592,Man In The Dark,1953,46036,0
1359,32616,Man In The Dark,1953,46036,0
1360,32640,Man In The Dark,1953,46036,0
1361,32664,Man In The Dark,1953,46036,0
1362,32688,Man In The Dark,1953,46036,0
1363,32712,Man In The Dark,1953,46036,0
1364,32736,Man In The Dark,1953,46036,0
1365,32760,Man In The Dark,1953,46036,0
1366,32784,Man In The Dark,1953,46036,0
1367,32808,Man In The Dark,1953,46036,0
1368,32832,Man In The Dark,1953,46036,0
1369,32856,Man In The Dark,1953,46036,0
1370,32880,Man In The Dark,1953,46036,0
1371,32904,Man In The Dark,1953,46036,0
1372,32928,Man In The Dark,1953,46036,0
1373,32952,Man In The Dark,1953,46036,0
1374,32976,Man In The Dark,1953,46036,0
1375,33000,Man In The Dark,1953,46036,0
1376,33024,Man In The Dark,1953,46036,0
1377,33048,Man In The Dark,1953,46036,0
1378,33072,Man In The Dark,1953,46036,0
1379,33096,Man In The Dark,1953,46036,0
1380,33120,Man In The Dark,1953,46036,0
1381,33144,Man In The Dark,1953,46036,0
1382,33168,Man In The Dark,1953,46036,0
1383,33192,Man In The Dark,1953,46036,0
1384,33216,Man In The Dark,1953,46036,0
1385,33240,Man In The Dark,1953,46036,0
1386,33264,Man In The Dark,1953,46036,0
1387,33288,Man In The Dark,1953,46036,0
1388,33312,Man In The Dark,1953,46036,0
1389,33336,Man In The Dark,1953,46036,0
1390,33360,Man In The Dark,1953,46036,0
1391,33384,Man In The Dark,1953,46036,0
1392,33408,Man In The Dark,1953,46036,0
1393,33432,Man In The Dark,1953,46036,0
1394,33456,Man In The Dark,1953,46036,0
1395,33480,Man In The Dark,1953,46036,0
1396,33504,Man In The Dark,1953,46036,0
1397,33528,Man In The Dark,1953,46036,0
1398,33552,Man In The Dark,1953,46036,0
1399,33576,Man In The Dark,1953,46036,0
1400,33600,Man In The Dark,1953,46036,0
1401,33624,Man In The Dark,1953,46036,0
1402,33648,Man In The Dark,1953,46036,0
1403,33672,Man In The Dark,1953,46036,0
1404,33696,Man In The Dark,1953,46036,0
1405,33720,Man In The Dark,1953,46036,0
1406,33744,Man In The Dark,1953,46036,0
1407,33768,Man In The Dark,1953,46036,0
1408,33792,Man In The Dark,1953,46036,0
1409,33816,Man In The Dark,1953,46036,0
1410,33840,Man In The Dark,1953,46036,0
1411,33864,Man In The Dark,1953,46036,0
1412,33888,Man In The Dark,1953,46036,0
1413,33912,Man In The Dark,1953,46036,0
1414,33936,Man In The Dark,1953,46036,0
1415,33960,Man In The Dark,1953,46036,0
1416,33984,Man In The Dark,1953,46036,0
1417,34008,Man In The Dark,1953,46036,0
1418,34032,Man In The Dark,1953,46036,0
1419,34056,Man In The Dark,1953,46036,0
1420,34080,Man In The Dark,1953,46036,0
1421,34104,Man In The Dark,1953,46036,0
1422,34128,Man In The Dark,1953,46036,0
1423,34152,Man In The Dark,1953,46036,0
1424,34176,Man In The Dark,1953,46036,0
1425,34200,Man In The Dark,1953,46036,1
1426,34224,Man In The Dark,1953,46036,1
1427,34248,Man In The Dark,1953,46036,1
1428,34272,Man In The Dark,1953,46036,1
1429,34296,Man In The Dark,1953,46036,1
1430,34320,Man In The Dark,1953,46036,1
1431,34344,Man In The Dark,1953,46036,1
1432,34368,Man In The Dark,1953,46036,1
1433,34392,Man In The Dark,1953,46036,1
1434,34416,Man In The Dark,1953,46036,1
1435,34440,Man In The Dark,1953,46036,0
1436,34464,Man In The Dark,1953,46036,0
1437,34488,Man In The Dark,1953,46036,0
1438,34512,Man In The Dark,1953,46036,1
1439,34536,Man In The Dark,1953,46036,1
1440,34560,Man In The Dark,1953,46036,1
1441,34584,Man In The Dark,1953,46036,1
1442,34608,Man In The Dark,1953,46036,1
1443,34632,Man In The Dark,1953,46036,1
1444,34656,Man In The Dark,1953,46036,1
1445,34680,Man In The Dark,1953,46036,1
1446,34704,Man In The Dark,1953,46036,1
1447,34728,Man In The Dark,1953,46036,1
1448,34752,Man In The Dark,1953,46036,1
1449,34776,Man In The Dark,1953,46036,1
1450,34800,Man In The Dark,1953,46036,1
1451,34824,Man In The Dark,1953,46036,1
1452,34848,Man In The Dark,1953,46036,0
1453,34872,Man In The Dark,1953,46036,1
1454,34896,Man In The Dark,1953,46036,0
1455,34920,Man In The Dark,1953,46036,1
1456,34944,Man In The Dark,1953,46036,0
1457,34968,Man In The Dark,1953,46036,0
1458,34992,Man In The Dark,1953,46036,1
1459,35016,Man In The Dark,1953,46036,1
1460,35040,Man In The Dark,1953,46036,1
1461,35064,Man In The Dark,1953,46036,1
1462,35088,Man In The Dark,1953,46036,0
1463,35112,Man In The Dark,1953,46036,0
1464,35136,Man In The Dark,1953,46036,1
1465,35160,Man In The Dark,1953,46036,1
1466,35184,Man In The Dark,1953,46036,1
1467,35208,Man In The Dark,1953,46036,1
1468,35232,Man In The Dark,1953,46036,1
1469,35256,Man In The Dark,1953,46036,1
1470,35280,Man In The Dark,1953,46036,1
1471,35304,Man In The Dark,1953,46036,1
1472,35328,Man In The Dark,1953,46036,1
1473,35352,Man In The Dark,1953,46036,0
1474,35376,Man In The Dark,1953,46036,0
1475,35400,Man In The Dark,1953,46036,0
1476,35424,Man In The Dark,1953,46036,0
1477,35448,Man In The Dark,1953,46036,0
1478,35472,Man In The Dark,1953,46036,0
1479,35496,Man In The Dark,1953,46036,0
1480,35520,Man In The Dark,1953,46036,0
1481,35544,Man In The Dark,1953,46036,0
1482,35568,Man In The Dark,1953,46036,0
1483,35592,Man In The Dark,1953,46036,0
1484,35616,Man In The Dark,1953,46036,0
1485,35640,Man In The Dark,1953,46036,0
1486,35664,Man In The Dark,1953,46036,0
1487,35688,Man In The Dark,1953,46036,0
1488,35712,Man In The Dark,1953,46036,0
1489,35736,Man In The Dark,1953,46036,0
1490,35760,Man In The Dark,1953,46036,0
1491,35784,Man In The Dark,1953,46036,0
1492,35808,Man In The Dark,1953,46036,0
1493,35832,Man In The Dark,1953,46036,0
1494,35856,Man In The Dark,1953,46036,0
1495,35880,Man In The Dark,1953,46036,0
1496,35904,Man In The Dark,1953,46036,0
1497,35928,Man In The Dark,1953,46036,0
1498,35952,Man In The Dark,1953,46036,0
1499,35976,Man In The Dark,1953,46036,0
1500,36000,Man In The Dark,1953,46036,0
1501,36024,Man In The Dark,1953,46036,0
1502,36048,Man In The Dark,1953,46036,0
1503,36072,Man In The Dark,1953,46036,0
1504,36096,Man In The Dark,1953,46036,0
1505,36120,Man In The Dark,1953,46036,0
1506,36144,Man In The Dark,1953,46036,0
1507,36168,Man In The Dark,1953,46036,0
1508,36192,Man In The Dark,1953,46036,0
1509,36216,Man In The Dark,1953,46036,0
1510,36240,Man In The Dark,1953,46036,0
1511,36264,Man In The Dark,1953,46036,0
1512,36288,Man In The Dark,1953,46036,0
1513,36312,Man In The Dark,1953,46036,0
1514,36336,Man In The Dark,1953,46036,0
1515,36360,Man In The Dark,1953,46036,0
1516,36384,Man In The Dark,1953,46036,0
1517,36408,Man In The Dark,1953,46036,0
1518,36432,Man In The Dark,1953,46036,0
1519,36456,Man In The Dark,1953,46036,0
1520,36480,Man In The Dark,1953,46036,0
1521,36504,Man In The Dark,1953,46036,1
1522,36528,Man In The Dark,1953,46036,1
1523,36552,Man In The Dark,1953,46036,1
1524,36576,Man In The Dark,1953,46036,1
1525,36600,Man In The Dark,1953,46036,0
1526,36624,Man In The Dark,1953,46036,0
1527,36648,Man In The Dark,1953,46036,0
1528,36672,Man In The Dark,1953,46036,0
1529,36696,Man In The Dark,1953,46036,0
1530,36720,Man In The Dark,1953,46036,1
1531,36744,Man In The Dark,1953,46036,1
1532,36768,Man In The Dark,1953,46036,1
1533,36792,Man In The Dark,1953,46036,0
1534,36816,Man In The Dark,1953,46036,0
1535,36840,Man In The Dark,1953,46036,0
1536,36864,Man In The Dark,1953,46036,0
1537,36888,Man In The Dark,1953,46036,0
1538,36912,Man In The Dark,1953,46036,0
1539,36936,Man In The Dark,1953,46036,0
1540,36960,Man In The Dark,1953,46036,0
1541,36984,Man In The Dark,1953,46036,0
1542,37008,Man In The Dark,1953,46036,0
1543,37032,Man In The Dark,1953,46036,0
1544,37056,Man In The Dark,1953,46036,1
1545,37080,Man In The Dark,1953,46036,0
1546,37104,Man In The Dark,1953,46036,1
1547,37128,Man In The Dark,1953,46036,1
1548,37152,Man In The Dark,1953,46036,1
1549,37176,Man In The Dark,1953,46036,0
1550,37200,Man In The Dark,1953,46036,0
1551,37224,Man In The Dark,1953,46036,1
1552,37248,Man In The Dark,1953,46036,1
1553,37272,Man In The Dark,1953,46036,0
1554,37296,Man In The Dark,1953,46036,0
1555,37320,Man In The Dark,1953,46036,0
1556,37344,Man In The Dark,1953,46036,0
1557,37368,Man In The Dark,1953,46036,0
1558,37392,Man In The Dark,1953,46036,0
1559,37416,Man In The Dark,1953,46036,0
1560,37440,Man In The Dark,1953,46036,0
1561,37464,Man In The Dark,1953,46036,0
1562,37488,Man In The Dark,1953,46036,0
1563,37512,Man In The Dark,1953,46036,0
1564,37536,Man In The Dark,1953,46036,0
1565,37560,Man In The Dark,1953,46036,0
1566,37584,Man In The Dark,1953,46036,0
1567,37608,Man In The Dark,1953,46036,0
1568,37632,Man In The Dark,1953,46036,0
1569,37656,Man In The Dark,1953,46036,0
1570,37680,Man In The Dark,1953,46036,0
1571,37704,Man In The Dark,1953,46036,0
1572,37728,Man In The Dark,1953,46036,0
1573,37752,Man In The Dark,1953,46036,0
1574,37776,Man In The Dark,1953,46036,0
1575,37800,Man In The Dark,1953,46036,0
1576,37824,Man In The Dark,1953,46036,0
1577,37848,Man In The Dark,1953,46036,0
1578,37872,Man In The Dark,1953,46036,0
1579,37896,Man In The Dark,1953,46036,0
1580,37920,Man In The Dark,1953,46036,0
1581,37944,Man In The Dark,1953,46036,0
1582,37968,Man In The Dark,1953,46036,0
1583,37992,Man In The Dark,1953,46036,0
1584,38016,Man In The Dark,1953,46036,0
1585,38040,Man In The Dark,1953,46036,0
1586,38064,Man In The Dark,1953,46036,0
1587,38088,Man In The Dark,1953,46036,0
1588,38112,Man In The Dark,1953,46036,0
1589,38136,Man In The Dark,1953,46036,0
1590,38160,Man In The Dark,1953,46036,0
1591,38184,Man In The Dark,1953,46036,0
1592,38208,Man In The Dark,1953,46036,0
1593,38232,Man In The Dark,1953,46036,0
1594,38256,Man In The Dark,1953,46036,0
1595,38280,Man In The Dark,1953,46036,0
1596,38304,Man In The Dark,1953,46036,0
1597,38328,Man In The Dark,1953,46036,0
1598,38352,Man In The Dark,1953,46036,0
1599,38376,Man In The Dark,1953,46036,0
1600,38400,Man In The Dark,1953,46036,0
1601,38424,Man In The Dark,1953,46036,0
1602,38448,Man In The Dark,1953,46036,0
1603,38472,Man In The Dark,1953,46036,0
1604,38496,Man In The Dark,1953,46036,0
1605,38520,Man In The Dark,1953,46036,0
1606,38544,Man In The Dark,1953,46036,0
1607,38568,Man In The Dark,1953,46036,0
1608,38592,Man In The Dark,1953,46036,0
1609,38616,Man In The Dark,1953,46036,0
1610,38640,Man In The Dark,1953,46036,0
1611,38664,Man In The Dark,1953,46036,0
1612,38688,Man In The Dark,1953,46036,0
1613,38712,Man In The Dark,1953,46036,0
1614,38736,Man In The Dark,1953,46036,0
1615,38760,Man In The Dark,1953,46036,0
1616,38784,Man In The Dark,1953,46036,0
1617,38808,Man In The Dark,1953,46036,0
1618,38832,Man In The Dark,1953,46036,0
1619,38856,Man In The Dark,1953,46036,0
1620,38880,Man In The Dark,1953,46036,0
1621,38904,Man In The Dark,1953,46036,0
1622,38928,Man In The Dark,1953,46036,0
1623,38952,Man In The Dark,1953,46036,0
1624,38976,Man In The Dark,1953,46036,0
1625,39000,Man In The Dark,1953,46036,0
1626,39024,Man In The Dark,1953,46036,0
1627,39048,Man In The Dark,1953,46036,0
1628,39072,Man In The Dark,1953,46036,0
1629,39096,Man In The Dark,1953,46036,0
1630,39120,Man In The Dark,1953,46036,0
1631,39144,Man In The Dark,1953,46036,0
1632,39168,Man In The Dark,1953,46036,0
1633,39192,Man In The Dark,1953,46036,0
1634,39216,Man In The Dark,1953,46036,0
1635,39240,Man In The Dark,1953,46036,0
1636,39264,Man In The Dark,1953,46036,0
1637,39288,Man In The Dark,1953,46036,0
1638,39312,Man In The Dark,1953,46036,0
1639,39336,Man In The Dark,1953,46036,0
1640,39360,Man In The Dark,1953,46036,0
1641,39384,Man In The Dark,1953,46036,0
1642,39408,Man In The Dark,1953,46036,0
1643,39432,Man In The Dark,1953,46036,0
1644,39456,Man In The Dark,1953,46036,0
1645,39480,Man In The Dark,1953,46036,0
1646,39504,Man In The Dark,1953,46036,0
1647,39528,Man In The Dark,1953,46036,0
1648,39552,Man In The Dark,1953,46036,0
1649,39576,Man In The Dark,1953,46036,0
1650,39600,Man In The Dark,1953,46036,0
1651,39624,Man In The Dark,1953,46036,0
1652,39648,Man In The Dark,1953,46036,0
1653,39672,Man In The Dark,1953,46036,1
1654,39696,Man In The Dark,1953,46036,1
1655,39720,Man In The Dark,1953,46036,1
1656,39744,Man In The Dark,1953,46036,1
1657,39768,Man In The Dark,1953,46036,0
1658,39792,Man In The Dark,1953,46036,1
1659,39816,Man In The Dark,1953,46036,1
1660,39840,Man In The Dark,1953,46036,0
1661,39864,Man In The Dark,1953,46036,1
1662,39888,Man In The Dark,1953,46036,0
1663,39912,Man In The Dark,1953,46036,0
1664,39936,Man In The Dark,1953,46036,0
1665,39960,Man In The Dark,1953,46036,0
1666,39984,Man In The Dark,1953,46036,0
1667,40008,Man In The Dark,1953,46036,0
1668,40032,Man In The Dark,1953,46036,0
1669,40056,Man In The Dark,1953,46036,0
1670,40080,Man In The Dark,1953,46036,0
1671,40104,Man In The Dark,1953,46036,0
1672,40128,Man In The Dark,1953,46036,0
1673,40152,Man In The Dark,1953,46036,0
1674,40176,Man In The Dark,1953,46036,0
1675,40200,Man In The Dark,1953,46036,0
1676,40224,Man In The Dark,1953,46036,0
1677,40248,Man In The Dark,1953,46036,0
1678,40272,Man In The Dark,1953,46036,0
1679,40296,Man In The Dark,1953,46036,0
1680,40320,Man In The Dark,1953,46036,0
1681,40344,Man In The Dark,1953,46036,0
1682,40368,Man In The Dark,1953,46036,0
1683,40392,Man In The Dark,1953,46036,0
1684,40416,Man In The Dark,1953,46036,0
1685,40440,Man In The Dark,1953,46036,0
1686,40464,Man In The Dark,1953,46036,0
1687,40488,Man In The Dark,1953,46036,0
1688,40512,Man In The Dark,1953,46036,0
1689,40536,Man In The Dark,1953,46036,0
1690,40560,Man In The Dark,1953,46036,0
1691,40584,Man In The Dark,1953,46036,0
1692,40608,Man In The Dark,1953,46036,0
1693,40632,Man In The Dark,1953,46036,0
1694,40656,Man In The Dark,1953,46036,0
1695,40680,Man In The Dark,1953,46036,0
1696,40704,Man In The Dark,1953,46036,0
1697,40728,Man In The Dark,1953,46036,0
1698,40752,Man In The Dark,1953,46036,0
1699,40776,Man In The Dark,1953,46036,0
1700,40800,Man In The Dark,1953,46036,0
1701,40824,Man In The Dark,1953,46036,0
1702,40848,Man In The Dark,1953,46036,0
1703,40872,Man In The Dark,1953,46036,0
1704,40896,Man In The Dark,1953,46036,0
1705,40920,Man In The Dark,1953,46036,0
1706,40944,Man In The Dark,1953,46036,0
1707,40968,Man In The Dark,1953,46036,0
1708,40992,Man In The Dark,1953,46036,0
1709,41016,Man In The Dark,1953,46036,0
1710,41040,Man In The Dark,1953,46036,0
1711,41064,Man In The Dark,1953,46036,0
1712,41088,Man In The Dark,1953,46036,0
1713,41112,Man In The Dark,1953,46036,0
1714,41136,Man In The Dark,1953,46036,0
1715,41160,Man In The Dark,1953,46036,0
1716,41184,Man In The Dark,1953,46036,0
1717,41208,Man In The Dark,1953,46036,0
1718,41232,Man In The Dark,1953,46036,0
1719,41256,Man In The Dark,1953,46036,0
1720,41280,Man In The Dark,1953,46036,0
1721,41304,Man In The Dark,1953,46036,0
1722,41328,Man In The Dark,1953,46036,0
1723,41352,Man In The Dark,1953,46036,0
1724,41376,Man In The Dark,1953,46036,0
1725,41400,Man In The Dark,1953,46036,0
1726,41424,Man In The Dark,1953,46036,0
1727,41448,Man In The Dark,1953,46036,0
1728,41472,Man In The Dark,1953,46036,0
1729,41496,Man In The Dark,1953,46036,0
1730,41520,Man In The Dark,1953,46036,0
1731,41544,Man In The Dark,1953,46036,0
1732,41568,Man In The Dark,1953,46036,0
1733,41592,Man In The Dark,1953,46036,0
1734,41616,Man In The Dark,1953,46036,0
1735,41640,Man In The Dark,1953,46036,0
1736,41664,Man In The Dark,1953,46036,0
1737,41688,Man In The Dark,1953,46036,0
1738,41712,Man In The Dark,1953,46036,0
1739,41736,Man In The Dark,1953,46036,0
1740,41760,Man In The Dark,1953,46036,0
1741,41784,Man In The Dark,1953,46036,0
1742,41808,Man In The Dark,1953,46036,0
1743,41832,Man In The Dark,1953,46036,0
1744,41856,Man In The Dark,1953,46036,0
1745,41880,Man In The Dark,1953,46036,0
1746,41904,Man In The Dark,1953,46036,1
1747,41928,Man In The Dark,1953,46036,0
1748,41952,Man In The Dark,1953,46036,0
1749,41976,Man In The Dark,1953,46036,0
1750,42000,Man In The Dark,1953,46036,0
1751,42024,Man In The Dark,1953,46036,0
1752,42048,Man In The Dark,1953,46036,0
1753,42072,Man In The Dark,1953,46036,0
1754,42096,Man In The Dark,1953,46036,0
1755,42120,Man In The Dark,1953,46036,0
1756,42144,Man In The Dark,1953,46036,0
1757,42168,Man In The Dark,1953,46036,0
1758,42192,Man In The Dark,1953,46036,0
1759,42216,Man In The Dark,1953,46036,0
1760,42240,Man In The Dark,1953,46036,0
1761,42264,Man In The Dark,1953,46036,0
1762,42288,Man In The Dark,1953,46036,0
1763,42312,Man In The Dark,1953,46036,0
1764,42336,Man In The Dark,1953,46036,0
1765,42360,Man In The Dark,1953,46036,0
1766,42384,Man In The Dark,1953,46036,0
1767,42408,Man In The Dark,1953,46036,0
1768,42432,Man In The Dark,1953,46036,0
1769,42456,Man In The Dark,1953,46036,0
1770,42480,Man In The Dark,1953,46036,0
1771,42504,Man In The Dark,1953,46036,0
1772,42528,Man In The Dark,1953,46036,0
1773,42552,Man In The Dark,1953,46036,0
1774,42576,Man In The Dark,1953,46036,0
1775,42600,Man In The Dark,1953,46036,0
1776,42624,Man In The Dark,1953,46036,0
1777,42648,Man In The Dark,1953,46036,0
1778,42672,Man In The Dark,1953,46036,0
1779,42696,Man In The Dark,1953,46036,0
1780,42720,Man In The Dark,1953,46036,0
1781,42744,Man In The Dark,1953,46036,0
1782,42768,Man In The Dark,1953,46036,0
1783,42792,Man In The Dark,1953,46036,0
1784,42816,Man In The Dark,1953,46036,0
1785,42840,Man In The Dark,1953,46036,0
1786,42864,Man In The Dark,1953,46036,0
1787,42888,Man In The Dark,1953,46036,0
1788,42912,Man In The Dark,1953,46036,0
1789,42936,Man In The Dark,1953,46036,0
1790,42960,Man In The Dark,1953,46036,0
1791,42984,Man In The Dark,1953,46036,0
1792,43008,Man In The Dark,1953,46036,0
1793,43032,Man In The Dark,1953,46036,0
1794,43056,Man In The Dark,1953,46036,0
1795,43080,Man In The Dark,1953,46036,0
1796,43104,Man In The Dark,1953,46036,0
1797,43128,Man In The Dark,1953,46036,0
1798,43152,Man In The Dark,1953,46036,0
1799,43176,Man In The Dark,1953,46036,0
1800,43200,Man In The Dark,1953,46036,0
1801,43224,Man In The Dark,1953,46036,0
1802,43248,Man In The Dark,1953,46036,0
1803,43272,Man In The Dark,1953,46036,0
1804,43296,Man In The Dark,1953,46036,0
1805,43320,Man In The Dark,1953,46036,0
1806,43344,Man In The Dark,1953,46036,0
1807,43368,Man In The Dark,1953,46036,0
1808,43392,Man In The Dark,1953,46036,0
1809,43416,Man In The Dark,1953,46036,0
1810,43440,Man In The Dark,1953,46036,0
1811,43464,Man In The Dark,1953,46036,0
1812,43488,Man In The Dark,1953,46036,0
1813,43512,Man In The Dark,1953,46036,0
1814,43536,Man In The Dark,1953,46036,0
1815,43560,Man In The Dark,1953,46036,0
1816,43584,Man In The Dark,1953,46036,0
1817,43608,Man In The Dark,1953,46036,0
1818,43632,Man In The Dark,1953,46036,0
1819,43656,Man In The Dark,1953,46036,0
1820,43680,Man In The Dark,1953,46036,0
1821,43704,Man In The Dark,1953,46036,0
1822,43728,Man In The Dark,1953,46036,0
1823,43752,Man In The Dark,1953,46036,0
1824,43776,Man In The Dark,1953,46036,0
1825,43800,Man In The Dark,1953,46036,0
1826,43824,Man In The Dark,1953,46036,0
1827,43848,Man In The Dark,1953,46036,0
1828,43872,Man In The Dark,1953,46036,0
1829,43896,Man In The Dark,1953,46036,0
1830,43920,Man In The Dark,1953,46036,0
1831,43944,Man In The Dark,1953,46036,0
1832,43968,Man In The Dark,1953,46036,0
1833,43992,Man In The Dark,1953,46036,0
1834,44016,Man In The Dark,1953,46036,0
1835,44040,Man In The Dark,1953,46036,0
1836,44064,Man In The Dark,1953,46036,0
1837,44088,Man In The Dark,1953,46036,0
1838,44112,Man In The Dark,1953,46036,0
1839,44136,Man In The Dark,1953,46036,0
1840,44160,Man In The Dark,1953,46036,0
1841,44184,Man In The Dark,1953,46036,0
1842,44208,Man In The Dark,1953,46036,0
1843,44232,Man In The Dark,1953,46036,0
1844,44256,Man In The Dark,1953,46036,0
1845,44280,Man In The Dark,1953,46036,0
1846,44304,Man In The Dark,1953,46036,0
1847,44328,Man In The Dark,1953,46036,0
1848,44352,Man In The Dark,1953,46036,0
1849,44376,Man In The Dark,1953,46036,0
1850,44400,Man In The Dark,1953,46036,0
1851,44424,Man In The Dark,1953,46036,0
1852,44448,Man In The Dark,1953,46036,0
1853,44472,Man In The Dark,1953,46036,0
1854,44496,Man In The Dark,1953,46036,0
1855,44520,Man In The Dark,1953,46036,0
1856,44544,Man In The Dark,1953,46036,0
1857,44568,Man In The Dark,1953,46036,0
1858,44592,Man In The Dark,1953,46036,0
1859,44616,Man In The Dark,1953,46036,0
1860,44640,Man In The Dark,1953,46036,0
1861,44664,Man In The Dark,1953,46036,0
1862,44688,Man In The Dark,1953,46036,0
1863,44712,Man In The Dark,1953,46036,0
1864,44736,Man In The Dark,1953,46036,0
1865,44760,Man In The Dark,1953,46036,0
1866,44784,Man In The Dark,1953,46036,0
1867,44808,Man In The Dark,1953,46036,0
1868,44832,Man In The Dark,1953,46036,0
1869,44856,Man In The Dark,1953,46036,0
1870,44880,Man In The Dark,1953,46036,0
1871,44904,Man In The Dark,1953,46036,0
1872,44928,Man In The Dark,1953,46036,0
1873,44952,Man In The Dark,1953,46036,0
1874,44976,Man In The Dark,1953,46036,0
1875,45000,Man In The Dark,1953,46036,0
1876,45024,Man In The Dark,1953,46036,0
1877,45048,Man In The Dark,1953,46036,0
1878,45072,Man In The Dark,1953,46036,0
1879,45096,Man In The Dark,1953,46036,0
1880,45120,Man In The Dark,1953,46036,0
1881,45144,Man In The Dark,1953,46036,0
1882,45168,Man In The Dark,1953,46036,0
1883,45192,Man In The Dark,1953,46036,0
1884,45216,Man In The Dark,1953,46036,0
1885,45240,Man In The Dark,1953,46036,0
1886,45264,Man In The Dark,1953,46036,0
1887,45288,Man In The Dark,1953,46036,0
1888,45312,Man In The Dark,1953,46036,0
1889,45336,Man In The Dark,1953,46036,0
1890,45360,Man In The Dark,1953,46036,1
1891,45384,Man In The Dark,1953,46036,1
1892,45408,Man In The Dark,1953,46036,1
1893,45432,Man In The Dark,1953,46036,1
1894,45456,Man In The Dark,1953,46036,0
1895,45480,Man In The Dark,1953,46036,0
1896,45504,Man In The Dark,1953,46036,0
1897,45528,Man In The Dark,1953,46036,0
1898,45552,Man In The Dark,1953,46036,0
1899,45576,Man In The Dark,1953,46036,0
1900,45600,Man In The Dark,1953,46036,0
1901,45624,Man In The Dark,1953,46036,0
1902,45648,Man In The Dark,1953,46036,0
1903,45672,Man In The Dark,1953,46036,0
1904,45696,Man In The Dark,1953,46036,0
1905,45720,Man In The Dark,1953,46036,1
1906,45744,Man In The Dark,1953,46036,1
1907,45768,Man In The Dark,1953,46036,1
1908,45792,Man In The Dark,1953,46036,1
1909,45816,Man In The Dark,1953,46036,1
1910,45840,Man In The Dark,1953,46036,1
1911,45864,Man In The Dark,1953,46036,1
1912,45888,Man In The Dark,1953,46036,1
1913,45912,Man In The Dark,1953,46036,0
1914,45936,Man In The Dark,1953,46036,0
1915,45960,Man In The Dark,1953,46036,0
1916,45984,Man In The Dark,1953,46036,0
1917,46008,Man In The Dark,1953,46036,0
1918,46032,Man In The Dark,1953,46036,0
1919,46056,Man In The Dark,1953,46036,0
1920,46080,Man In The Dark,1953,46036,0
1921,46104,Man In The Dark,1953,46036,0
1922,46128,Man In The Dark,1953,46036,0
1923,46152,Man In The Dark,1953,46036,0
1924,46176,Man In The Dark,1953,46036,0
1925,46200,Man In The Dark,1953,46036,0
1926,46224,Man In The Dark,1953,46036,0
1927,46248,Man In The Dark,1953,46036,0
1928,46272,Man In The Dark,1953,46036,0
1929,46296,Man In The Dark,1953,46036,0
1930,46320,Man In The Dark,1953,46036,0
1931,46344,Man In The Dark,1953,46036,0
1932,46368,Man In The Dark,1953,46036,0
1933,46392,Man In The Dark,1953,46036,0
1934,46416,Man In The Dark,1953,46036,0
1935,46440,Man In The Dark,1953,46036,0
1936,46464,Man In The Dark,1953,46036,0
1937,46488,Man In The Dark,1953,46036,0
1938,46512,Man In The Dark,1953,46036,0
1939,46536,Man In The Dark,1953,46036,0
1940,46560,Man In The Dark,1953,46036,0
1941,46584,Man In The Dark,1953,46036,0
1942,46608,Man In The Dark,1953,46036,0
1943,46632,Man In The Dark,1953,46036,0
1944,46656,Man In The Dark,1953,46036,0
1945,46680,Man In The Dark,1953,46036,0
1946,46704,Man In The Dark,1953,46036,0
1947,46728,Man In The Dark,1953,46036,0
1948,46752,Man In The Dark,1953,46036,0
1949,46776,Man In The Dark,1953,46036,0
1950,46800,Man In The Dark,1953,46036,0
1951,46824,Man In The Dark,1953,46036,0
1952,46848,Man In The Dark,1953,46036,0
1953,46872,Man In The Dark,1953,46036,0
1954,46896,Man In The Dark,1953,46036,0
1955,46920,Man In The Dark,1953,46036,0
1956,46944,Man In The Dark,1953,46036,0
1957,46968,Man In The Dark,1953,46036,0
1958,46992,Man In The Dark,1953,46036,0
1959,47016,Man In The Dark,1953,46036,0
1960,47040,Man In The Dark,1953,46036,0
1961,47064,Man In The Dark,1953,46036,0
1962,47088,Man In The Dark,1953,46036,0
1963,47112,Man In The Dark,1953,46036,0
1964,47136,Man In The Dark,1953,46036,0
1965,47160,Man In The Dark,1953,46036,0
1966,47184,Man In The Dark,1953,46036,0
1967,47208,Man In The Dark,1953,46036,0
1968,47232,Man In The Dark,1953,46036,0
1969,47256,Man In The Dark,1953,46036,0
1970,47280,Man In The Dark,1953,46036,0
1971,47304,Man In The Dark,1953,46036,0
1972,47328,Man In The Dark,1953,46036,0
1973,47352,Man In The Dark,1953,46036,0
1974,47376,Man In The Dark,1953,46036,0
1975,47400,Man In The Dark,1953,46036,0
1976,47424,Man In The Dark,1953,46036,0
1977,47448,Man In The Dark,1953,46036,0
1978,47472,Man In The Dark,1953,46036,0
1979,47496,Man In The Dark,1953,46036,0
1980,47520,Man In The Dark,1953,46036,0
1981,47544,Man In The Dark,1953,46036,0
1982,47568,Man In The Dark,1953,46036,0
1983,47592,Man In The Dark,1953,46036,0
1984,47616,Man In The Dark,1953,46036,0
1985,47640,Man In The Dark,1953,46036,0
1986,47664,Man In The Dark,1953,46036,0
1987,47688,Man In The Dark,1953,46036,0
1988,47712,Man In The Dark,1953,46036,0
1989,47736,Man In The Dark,1953,46036,0
1990,47760,Man In The Dark,1953,46036,0
1991,47784,Man In The Dark,1953,46036,0
1992,47808,Man In The Dark,1953,46036,0
1993,47832,Man In The Dark,1953,46036,0
1994,47856,Man In The Dark,1953,46036,0
1995,47880,Man In The Dark,1953,46036,0
1996,47904,Man In The Dark,1953,46036,0
1997,47928,Man In The Dark,1953,46036,0
1998,47952,Man In The Dark,1953,46036,0
1999,47976,Man In The Dark,1953,46036,0
2000,48000,Man In The Dark,1953,46036,0
2001,48024,Man In The Dark,1953,46036,0
2002,48048,Man In The Dark,1953,46036,0
2003,48072,Man In The Dark,1953,46036,0
2004,48096,Man In The Dark,1953,46036,0
2005,48120,Man In The Dark,1953,46036,0
2006,48144,Man In The Dark,1953,46036,0
2007,48168,Man In The Dark,1953,46036,0
2008,48192,Man In The Dark,1953,46036,0
2009,48216,Man In The Dark,1953,46036,0
2010,48240,Man In The Dark,1953,46036,0
2011,48264,Man In The Dark,1953,46036,0
2012,48288,Man In The Dark,1953,46036,0
2013,48312,Man In The Dark,1953,46036,1
2014,48336,Man In The Dark,1953,46036,0
2015,48360,Man In The Dark,1953,46036,0
2016,48384,Man In The Dark,1953,46036,0
2017,48408,Man In The Dark,1953,46036,0
2018,48432,Man In The Dark,1953,46036,0
2019,48456,Man In The Dark,1953,46036,0
2020,48480,Man In The Dark,1953,46036,0
2021,48504,Man In The Dark,1953,46036,0
2022,48528,Man In The Dark,1953,46036,0
2023,48552,Man In The Dark,1953,46036,0
2024,48576,Man In The Dark,1953,46036,0
2025,48600,Man In The Dark,1953,46036,0
2026,48624,Man In The Dark,1953,46036,0
2027,48648,Man In The Dark,1953,46036,0
2028,48672,Man In The Dark,1953,46036,0
2029,48696,Man In The Dark,1953,46036,0
2030,48720,Man In The Dark,1953,46036,0
2031,48744,Man In The Dark,1953,46036,0
2032,48768,Man In The Dark,1953,46036,0
2033,48792,Man In The Dark,1953,46036,0
2034,48816,Man In The Dark,1953,46036,0
2035,48840,Man In The Dark,1953,46036,0
2036,48864,Man In The Dark,1953,46036,0
2037,48888,Man In The Dark,1953,46036,0
2038,48912,Man In The Dark,1953,46036,0
2039,48936,Man In The Dark,1953,46036,1
2040,48960,Man In The Dark,1953,46036,0
2041,48984,Man In The Dark,1953,46036,0
2042,49008,Man In The Dark,1953,46036,0
2043,49032,Man In The Dark,1953,46036,0
2044,49056,Man In The Dark,1953,46036,0
2045,49080,Man In The Dark,1953,46036,0
2046,49104,Man In The Dark,1953,46036,0
2047,49128,Man In The Dark,1953,46036,0
2048,49152,Man In The Dark,1953,46036,0
2049,49176,Man In The Dark,1953,46036,0
2050,49200,Man In The Dark,1953,46036,0
2051,49224,Man In The Dark,1953,46036,0
2052,49248,Man In The Dark,1953,46036,0
2053,49272,Man In The Dark,1953,46036,0
2054,49296,Man In The Dark,1953,46036,0
2055,49320,Man In The Dark,1953,46036,0
2056,49344,Man In The Dark,1953,46036,0
2057,49368,Man In The Dark,1953,46036,0
2058,49392,Man In The Dark,1953,46036,0
2059,49416,Man In The Dark,1953,46036,0
2060,49440,Man In The Dark,1953,46036,0
2061,49464,Man In The Dark,1953,46036,0
2062,49488,Man In The Dark,1953,46036,0
2063,49512,Man In The Dark,1953,46036,0
2064,49536,Man In The Dark,1953,46036,0
2065,49560,Man In The Dark,1953,46036,1
2066,49584,Man In The Dark,1953,46036,0
2067,49608,Man In The Dark,1953,46036,0
2068,49632,Man In The Dark,1953,46036,0
2069,49656,Man In The Dark,1953,46036,0
2070,49680,Man In The Dark,1953,46036,0
2071,49704,Man In The Dark,1953,46036,0
2072,49728,Man In The Dark,1953,46036,0
2073,49752,Man In The Dark,1953,46036,0
2074,49776,Man In The Dark,1953,46036,0
2075,49800,Man In The Dark,1953,46036,0
2076,49824,Man In The Dark,1953,46036,0
2077,49848,Man In The Dark,1953,46036,0
2078,49872,Man In The Dark,1953,46036,0
2079,49896,Man In The Dark,1953,46036,0
2080,49920,Man In The Dark,1953,46036,0
2081,49944,Man In The Dark,1953,46036,0
2082,49968,Man In The Dark,1953,46036,0
2083,49992,Man In The Dark,1953,46036,0
2084,50016,Man In The Dark,1953,46036,0
2085,50040,Man In The Dark,1953,46036,0
2086,50064,Man In The Dark,1953,46036,0
2087,50088,Man In The Dark,1953,46036,0
2088,50112,Man In The Dark,1953,46036,0
2089,50136,Man In The Dark,1953,46036,0
2090,50160,Man In The Dark,1953,46036,0
2091,50184,Man In The Dark,1953,46036,0
2092,50208,Man In The Dark,1953,46036,0
2093,50232,Man In The Dark,1953,46036,0
2094,50256,Man In The Dark,1953,46036,0
2095,50280,Man In The Dark,1953,46036,0
2096,50304,Man In The Dark,1953,46036,0
2097,50328,Man In The Dark,1953,46036,0
2098,50352,Man In The Dark,1953,46036,0
2099,50376,Man In The Dark,1953,46036,0
2100,50400,Man In The Dark,1953,46036,0
2101,50424,Man In The Dark,1953,46036,0
2102,50448,Man In The Dark,1953,46036,0
2103,50472,Man In The Dark,1953,46036,0
2104,50496,Man In The Dark,1953,46036,0
2105,50520,Man In The Dark,1953,46036,0
2106,50544,Man In The Dark,1953,46036,0
2107,50568,Man In The Dark,1953,46036,0
2108,50592,Man In The Dark,1953,46036,0
2109,50616,Man In The Dark,1953,46036,0
2110,50640,Man In The Dark,1953,46036,0
2111,50664,Man In The Dark,1953,46036,0
2112,50688,Man In The Dark,1953,46036,0
2113,50712,Man In The Dark,1953,46036,0
2114,50736,Man In The Dark,1953,46036,0
2115,50760,Man In The Dark,1953,46036,0
2116,50784,Man In The Dark,1953,46036,0
2117,50808,Man In The Dark,1953,46036,0
2118,50832,Man In The Dark,1953,46036,0
2119,50856,Man In The Dark,1953,46036,0
2120,50880,Man In The Dark,1953,46036,0
2121,50904,Man In The Dark,1953,46036,0
2122,50928,Man In The Dark,1953,46036,0
2123,50952,Man In The Dark,1953,46036,0
2124,50976,Man In The Dark,1953,46036,0
2125,51000,Man In The Dark,1953,46036,0
2126,51024,Man In The Dark,1953,46036,0
2127,51048,Man In The Dark,1953,46036,0
2128,51072,Man In The Dark,1953,46036,0
2129,51096,Man In The Dark,1953,46036,0
2130,51120,Man In The Dark,1953,46036,0
2131,51144,Man In The Dark,1953,46036,0
2132,51168,Man In The Dark,1953,46036,0
2133,51192,Man In The Dark,1953,46036,0
2134,51216,Man In The Dark,1953,46036,0
2135,51240,Man In The Dark,1953,46036,0
2136,51264,Man In The Dark,1953,46036,0
2137,51288,Man In The Dark,1953,46036,0
2138,51312,Man In The Dark,1953,46036,0
2139,51336,Man In The Dark,1953,46036,0
2140,51360,Man In The Dark,1953,46036,0
2141,51384,Man In The Dark,1953,46036,0
2142,51408,Man In The Dark,1953,46036,0
2143,51432,Man In The Dark,1953,46036,0
2144,51456,Man In The Dark,1953,46036,0
2145,51480,Man In The Dark,1953,46036,0
2146,51504,Man In The Dark,1953,46036,0
2147,51528,Man In The Dark,1953,46036,0
2148,51552,Man In The Dark,1953,46036,0
2149,51576,Man In The Dark,1953,46036,0
2150,51600,Man In The Dark,1953,46036,0
2151,51624,Man In The Dark,1953,46036,0
2152,51648,Man In The Dark,1953,46036,0
2153,51672,Man In The Dark,1953,46036,0
2154,51696,Man In The Dark,1953,46036,0
2155,51720,Man In The Dark,1953,46036,0
2156,51744,Man In The Dark,1953,46036,0
2157,51768,Man In The Dark,1953,46036,0
2158,51792,Man In The Dark,1953,46036,0
2159,51816,Man In The Dark,1953,46036,0
2160,51840,Man In The Dark,1953,46036,0
2161,51864,Man In The Dark,1953,46036,0
2162,51888,Man In The Dark,1953,46036,0
2163,51912,Man In The Dark,1953,46036,0
2164,51936,Man In The Dark,1953,46036,0
2165,51960,Man In The Dark,1953,46036,0
2166,51984,Man In The Dark,1953,46036,0
2167,52008,Man In The Dark,1953,46036,0
2168,52032,Man In The Dark,1953,46036,0
2169,52056,Man In The Dark,1953,46036,0
2170,52080,Man In The Dark,1953,46036,1
2171,52104,Man In The Dark,1953,46036,0
2172,52128,Man In The Dark,1953,46036,0
2173,52152,Man In The Dark,1953,46036,0
2174,52176,Man In The Dark,1953,46036,1
2175,52200,Man In The Dark,1953,46036,0
2176,52224,Man In The Dark,1953,46036,1
2177,52248,Man In The Dark,1953,46036,0
2178,52272,Man In The Dark,1953,46036,0
2179,52296,Man In The Dark,1953,46036,0
2180,52320,Man In The Dark,1953,46036,0
2181,52344,Man In The Dark,1953,46036,1
2182,52368,Man In The Dark,1953,46036,0
2183,52392,Man In The Dark,1953,46036,0
2184,52416,Man In The Dark,1953,46036,0
2185,52440,Man In The Dark,1953,46036,0
2186,52464,Man In The Dark,1953,46036,1
2187,52488,Man In The Dark,1953,46036,0
2188,52512,Man In The Dark,1953,46036,0
2189,52536,Man In The Dark,1953,46036,0
2190,52560,Man In The Dark,1953,46036,0
2191,52584,Man In The Dark,1953,46036,0
2192,52608,Man In The Dark,1953,46036,0
2193,52632,Man In The Dark,1953,46036,0
2194,52656,Man In The Dark,1953,46036,0
2195,52680,Man In The Dark,1953,46036,0
2196,52704,Man In The Dark,1953,46036,0
2197,52728,Man In The Dark,1953,46036,0
2198,52752,Man In The Dark,1953,46036,0
2199,52776,Man In The Dark,1953,46036,0
2200,52800,Man In The Dark,1953,46036,0
2201,52824,Man In The Dark,1953,46036,0
2202,52848,Man In The Dark,1953,46036,0
2203,52872,Man In The Dark,1953,46036,0
2204,52896,Man In The Dark,1953,46036,0
2205,52920,Man In The Dark,1953,46036,0
2206,52944,Man In The Dark,1953,46036,0
2207,52968,Man In The Dark,1953,46036,0
2208,52992,Man In The Dark,1953,46036,0
2209,53016,Man In The Dark,1953,46036,0
2210,53040,Man In The Dark,1953,46036,0
2211,53064,Man In The Dark,1953,46036,0
2212,53088,Man In The Dark,1953,46036,0
2213,53112,Man In The Dark,1953,46036,0
2214,53136,Man In The Dark,1953,46036,0
2215,53160,Man In The Dark,1953,46036,0
2216,53184,Man In The Dark,1953,46036,0
2217,53208,Man In The Dark,1953,46036,0
2218,53232,Man In The Dark,1953,46036,0
2219,53256,Man In The Dark,1953,46036,0
2220,53280,Man In The Dark,1953,46036,0
2221,53304,Man In The Dark,1953,46036,0
2222,53328,Man In The Dark,1953,46036,0
2223,53352,Man In The Dark,1953,46036,0
2224,53376,Man In The Dark,1953,46036,0
2225,53400,Man In The Dark,1953,46036,0
2226,53424,Man In The Dark,1953,46036,0
2227,53448,Man In The Dark,1953,46036,0
2228,53472,Man In The Dark,1953,46036,0
2229,53496,Man In The Dark,1953,46036,0
2230,53520,Man In The Dark,1953,46036,0
2231,53544,Man In The Dark,1953,46036,0
2232,53568,Man In The Dark,1953,46036,0
2233,53592,Man In The Dark,1953,46036,0
2234,53616,Man In The Dark,1953,46036,0
2235,53640,Man In The Dark,1953,46036,0
2236,53664,Man In The Dark,1953,46036,0
2237,53688,Man In The Dark,1953,46036,0
2238,53712,Man In The Dark,1953,46036,0
2239,53736,Man In The Dark,1953,46036,0
2240,53760,Man In The Dark,1953,46036,0
2241,53784,Man In The Dark,1953,46036,0
2242,53808,Man In The Dark,1953,46036,0
2243,53832,Man In The Dark,1953,46036,0
2244,53856,Man In The Dark,1953,46036,0
2245,53880,Man In The Dark,1953,46036,0
2246,53904,Man In The Dark,1953,46036,0
2247,53928,Man In The Dark,1953,46036,0
2248,53952,Man In The Dark,1953,46036,0
2249,53976,Man In The Dark,1953,46036,0
2250,54000,Man In The Dark,1953,46036,0
2251,54024,Man In The Dark,1953,46036,0
2252,54048,Man In The Dark,1953,46036,0
2253,54072,Man In The Dark,1953,46036,0
2254,54096,Man In The Dark,1953,46036,0
2255,54120,Man In The Dark,1953,46036,0
2256,54144,Man In The Dark,1953,46036,0
2257,54168,Man In The Dark,1953,46036,0
2258,54192,Man In The Dark,1953,46036,0
2259,54216,Man In The Dark,1953,46036,0
2260,54240,Man In The Dark,1953,46036,0
2261,54264,Man In The Dark,1953,46036,0
2262,54288,Man In The Dark,1953,46036,0
2263,54312,Man In The Dark,1953,46036,0
2264,54336,Man In The Dark,1953,46036,0
2265,54360,Man In The Dark,1953,46036,0
2266,54384,Man In The Dark,1953,46036,0
2267,54408,Man In The Dark,1953,46036,0
2268,54432,Man In The Dark,1953,46036,0
2269,54456,Man In The Dark,1953,46036,0
2270,54480,Man In The Dark,1953,46036,0
2271,54504,Man In The Dark,1953,46036,0
2272,54528,Man In The Dark,1953,46036,1
2273,54552,Man In The Dark,1953,46036,1
2274,54576,Man In The Dark,1953,46036,1
2275,54600,Man In The Dark,1953,46036,1
2276,54624,Man In The Dark,1953,46036,1
2277,54648,Man In The Dark,1953,46036,1
2278,54672,Man In The Dark,1953,46036,1
2279,54696,Man In The Dark,1953,46036,1
2280,54720,Man In The Dark,1953,46036,1
2281,54744,Man In The Dark,1953,46036,1
2282,54768,Man In The Dark,1953,46036,1
2283,54792,Man In The Dark,1953,46036,1
2284,54816,Man In The Dark,1953,46036,1
2285,54840,Man In The Dark,1953,46036,1
2286,54864,Man In The Dark,1953,46036,1
2287,54888,Man In The Dark,1953,46036,1
2288,54912,Man In The Dark,1953,46036,1
2289,54936,Man In The Dark,1953,46036,1
2290,54960,Man In The Dark,1953,46036,1
2291,54984,Man In The Dark,1953,46036,0
2292,55008,Man In The Dark,1953,46036,1
2293,55032,Man In The Dark,1953,46036,1
2294,55056,Man In The Dark,1953,46036,1
2295,55080,Man In The Dark,1953,46036,1
2296,55104,Man In The Dark,1953,46036,1
2297,55128,Man In The Dark,1953,46036,1
2298,55152,Man In The Dark,1953,46036,1
2299,55176,Man In The Dark,1953,46036,1
2300,55200,Man In The Dark,1953,46036,1
2301,55224,Man In The Dark,1953,46036,1
2302,55248,Man In The Dark,1953,46036,1
2303,55272,Man In The Dark,1953,46036,0
2304,55296,Man In The Dark,1953,46036,0
2305,55320,Man In The Dark,1953,46036,0
2306,55344,Man In The Dark,1953,46036,0
2307,55368,Man In The Dark,1953,46036,0
2308,55392,Man In The Dark,1953,46036,0
2309,55416,Man In The Dark,1953,46036,0
2310,55440,Man In The Dark,1953,46036,0
2311,55464,Man In The Dark,1953,46036,0
2312,55488,Man In The Dark,1953,46036,0
2313,55512,Man In The Dark,1953,46036,0
2314,55536,Man In The Dark,1953,46036,0
2315,55560,Man In The Dark,1953,46036,0
2316,55584,Man In The Dark,1953,46036,0
2317,55608,Man In The Dark,1953,46036,0
2318,55632,Man In The Dark,1953,46036,0
2319,55656,Man In The Dark,1953,46036,0
2320,55680,Man In The Dark,1953,46036,0
2321,55704,Man In The Dark,1953,46036,0
2322,55728,Man In The Dark,1953,46036,0
2323,55752,Man In The Dark,1953,46036,0
2324,55776,Man In The Dark,1953,46036,0
2325,55800,Man In The Dark,1953,46036,0
2326,55824,Man In The Dark,1953,46036,0
2327,55848,Man In The Dark,1953,46036,0
2328,55872,Man In The Dark,1953,46036,0
2329,55896,Man In The Dark,1953,46036,0
2330,55920,Man In The Dark,1953,46036,0
2331,55944,Man In The Dark,1953,46036,0
2332,55968,Man In The Dark,1953,46036,0
2333,55992,Man In The Dark,1953,46036,0
2334,56016,Man In The Dark,1953,46036,0
2335,56040,Man In The Dark,1953,46036,0
2336,56064,Man In The Dark,1953,46036,0
2337,56088,Man In The Dark,1953,46036,0
2338,56112,Man In The Dark,1953,46036,0
2339,56136,Man In The Dark,1953,46036,0
2340,56160,Man In The Dark,1953,46036,0
2341,56184,Man In The Dark,1953,46036,0
2342,56208,Man In The Dark,1953,46036,0
2343,56232,Man In The Dark,1953,46036,0
2344,56256,Man In The Dark,1953,46036,0
2345,56280,Man In The Dark,1953,46036,0
2346,56304,Man In The Dark,1953,46036,0
2347,56328,Man In The Dark,1953,46036,0
2348,56352,Man In The Dark,1953,46036,0
2349,56376,Man In The Dark,1953,46036,0
2350,56400,Man In The Dark,1953,46036,0
2351,56424,Man In The Dark,1953,46036,0
2352,56448,Man In The Dark,1953,46036,0
2353,56472,Man In The Dark,1953,46036,0
2354,56496,Man In The Dark,1953,46036,0
2355,56520,Man In The Dark,1953,46036,0
2356,56544,Man In The Dark,1953,46036,0
2357,56568,Man In The Dark,1953,46036,0
2358,56592,Man In The Dark,1953,46036,0
2359,56616,Man In The Dark,1953,46036,0
2360,56640,Man In The Dark,1953,46036,0
2361,56664,Man In The Dark,1953,46036,0
2362,56688,Man In The Dark,1953,46036,0
2363,56712,Man In The Dark,1953,46036,0
2364,56736,Man In The Dark,1953,46036,0
2365,56760,Man In The Dark,1953,46036,0
2366,56784,Man In The Dark,1953,46036,0
2367,56808,Man In The Dark,1953,46036,0
2368,56832,Man In The Dark,1953,46036,0
2369,56856,Man In The Dark,1953,46036,0
2370,56880,Man In The Dark,1953,46036,0
2371,56904,Man In The Dark,1953,46036,0
2372,56928,Man In The Dark,1953,46036,0
2373,56952,Man In The Dark,1953,46036,0
2374,56976,Man In The Dark,1953,46036,0
2375,57000,Man In The Dark,1953,46036,0
2376,57024,Man In The Dark,1953,46036,0
2377,57048,Man In The Dark,1953,46036,0
2378,57072,Man In The Dark,1953,46036,0
2379,57096,Man In The Dark,1953,46036,0
2380,57120,Man In The Dark,1953,46036,0
2381,57144,Man In The Dark,1953,46036,0
2382,57168,Man In The Dark,1953,46036,0
2383,57192,Man In The Dark,1953,46036,0
2384,57216,Man In The Dark,1953,46036,0
2385,57240,Man In The Dark,1953,46036,0
2386,57264,Man In The Dark,1953,46036,0
2387,57288,Man In The Dark,1953,46036,0
2388,57312,Man In The Dark,1953,46036,0
2389,57336,Man In The Dark,1953,46036,0
2390,57360,Man In The Dark,1953,46036,0
2391,57384,Man In The Dark,1953,46036,0
2392,57408,Man In The Dark,1953,46036,0
2393,57432,Man In The Dark,1953,46036,0
2394,57456,Man In The Dark,1953,46036,0
2395,57480,Man In The Dark,1953,46036,0
2396,57504,Man In The Dark,1953,46036,0
2397,57528,Man In The Dark,1953,46036,0
2398,57552,Man In The Dark,1953,46036,0
2399,57576,Man In The Dark,1953,46036,0
2400,57600,Man In The Dark,1953,46036,0
2401,57624,Man In The Dark,1953,46036,0
2402,57648,Man In The Dark,1953,46036,0
2403,57672,Man In The Dark,1953,46036,0
2404,57696,Man In The Dark,1953,46036,0
2405,57720,Man In The Dark,1953,46036,0
2406,57744,Man In The Dark,1953,46036,0
2407,57768,Man In The Dark,1953,46036,0
2408,57792,Man In The Dark,1953,46036,0
2409,57816,Man In The Dark,1953,46036,0
2410,57840,Man In The Dark,1953,46036,0
2411,57864,Man In The Dark,1953,46036,0
2412,57888,Man In The Dark,1953,46036,0
2413,57912,Man In The Dark,1953,46036,0
2414,57936,Man In The Dark,1953,46036,0
2415,57960,Man In The Dark,1953,46036,0
2416,57984,Man In The Dark,1953,46036,0
2417,58008,Man In The Dark,1953,46036,0
2418,58032,Man In The Dark,1953,46036,0
2419,58056,Man In The Dark,1953,46036,0
2420,58080,Man In The Dark,1953,46036,0
2421,58104,Man In The Dark,1953,46036,0
2422,58128,Man In The Dark,1953,46036,0
2423,58152,Man In The Dark,1953,46036,0
2424,58176,Man In The Dark,1953,46036,0
2425,58200,Man In The Dark,1953,46036,0
2426,58224,Man In The Dark,1953,46036,0
2427,58248,Man In The Dark,1953,46036,0
2428,58272,Man In The Dark,1953,46036,0
2429,58296,Man In The Dark,1953,46036,0
2430,58320,Man In The Dark,1953,46036,0
2431,58344,Man In The Dark,1953,46036,0
2432,58368,Man In The Dark,1953,46036,0
2433,58392,Man In The Dark,1953,46036,0
2434,58416,Man In The Dark,1953,46036,0
2435,58440,Man In The Dark,1953,46036,0
2436,58464,Man In The Dark,1953,46036,0
2437,58488,Man In The Dark,1953,46036,0
2438,58512,Man In The Dark,1953,46036,0
2439,58536,Man In The Dark,1953,46036,0
2440,58560,Man In The Dark,1953,46036,0
2441,58584,Man In The Dark,1953,46036,0
2442,58608,Man In The Dark,1953,46036,0
2443,58632,Man In The Dark,1953,46036,0
2444,58656,Man In The Dark,1953,46036,0
2445,58680,Man In The Dark,1953,46036,0
2446,58704,Man In The Dark,1953,46036,0
2447,58728,Man In The Dark,1953,46036,0
2448,58752,Man In The Dark,1953,46036,0
2449,58776,Man In The Dark,1953,46036,0
2450,58800,Man In The Dark,1953,46036,0
2451,58824,Man In The Dark,1953,46036,0
2452,58848,Man In The Dark,1953,46036,0
2453,58872,Man In The Dark,1953,46036,0
2454,58896,Man In The Dark,1953,46036,0
2455,58920,Man In The Dark,1953,46036,0
2456,58944,Man In The Dark,1953,46036,0
2457,58968,Man In The Dark,1953,46036,0
2458,58992,Man In The Dark,1953,46036,0
2459,59016,Man In The Dark,1953,46036,0
2460,59040,Man In The Dark,1953,46036,0
2461,59064,Man In The Dark,1953,46036,0
2462,59088,Man In The Dark,1953,46036,0
2463,59112,Man In The Dark,1953,46036,0
2464,59136,Man In The Dark,1953,46036,0
2465,59160,Man In The Dark,1953,46036,0
2466,59184,Man In The Dark,1953,46036,1
2467,59208,Man In The Dark,1953,46036,1
2468,59232,Man In The Dark,1953,46036,0
2469,59256,Man In The Dark,1953,46036,0
2470,59280,Man In The Dark,1953,46036,0
2471,59304,Man In The Dark,1953,46036,0
2472,59328,Man In The Dark,1953,46036,0
2473,59352,Man In The Dark,1953,46036,0
2474,59376,Man In The Dark,1953,46036,0
2475,59400,Man In The Dark,1953,46036,0
2476,59424,Man In The Dark,1953,46036,0
2477,59448,Man In The Dark,1953,46036,1
2478,59472,Man In The Dark,1953,46036,0
2479,59496,Man In The Dark,1953,46036,0
2480,59520,Man In The Dark,1953,46036,0
2481,59544,Man In The Dark,1953,46036,0
2482,59568,Man In The Dark,1953,46036,0
2483,59592,Man In The Dark,1953,46036,0
2484,59616,Man In The Dark,1953,46036,0
2485,59640,Man In The Dark,1953,46036,0
2486,59664,Man In The Dark,1953,46036,0
2487,59688,Man In The Dark,1953,46036,0
2488,59712,Man In The Dark,1953,46036,0
2489,59736,Man In The Dark,1953,46036,0
2490,59760,Man In The Dark,1953,46036,0
2491,59784,Man In The Dark,1953,46036,0
2492,59808,Man In The Dark,1953,46036,0
2493,59832,Man In The Dark,1953,46036,0
2494,59856,Man In The Dark,1953,46036,0
2495,59880,Man In The Dark,1953,46036,0
2496,59904,Man In The Dark,1953,46036,0
2497,59928,Man In The Dark,1953,46036,0
2498,59952,Man In The Dark,1953,46036,0
2499,59976,Man In The Dark,1953,46036,0
2500,60000,Man In The Dark,1953,46036,0
2501,60024,Man In The Dark,1953,46036,0
2502,60048,Man In The Dark,1953,46036,0
2503,60072,Man In The Dark,1953,46036,0
2504,60096,Man In The Dark,1953,46036,0
2505,60120,Man In The Dark,1953,46036,0
2506,60144,Man In The Dark,1953,46036,0
2507,60168,Man In The Dark,1953,46036,0
2508,60192,Man In The Dark,1953,46036,0
2509,60216,Man In The Dark,1953,46036,0
2510,60240,Man In The Dark,1953,46036,0
2511,60264,Man In The Dark,1953,46036,0
2512,60288,Man In The Dark,1953,46036,0
2513,60312,Man In The Dark,1953,46036,1
2514,60336,Man In The Dark,1953,46036,1
2515,60360,Man In The Dark,1953,46036,0
2516,60384,Man In The Dark,1953,46036,0
2517,60408,Man In The Dark,1953,46036,0
2518,60432,Man In The Dark,1953,46036,0
2519,60456,Man In The Dark,1953,46036,1
2520,60480,Man In The Dark,1953,46036,0
2521,60504,Man In The Dark,1953,46036,0
2522,60528,Man In The Dark,1953,46036,0
2523,60552,Man In The Dark,1953,46036,0
2524,60576,Man In The Dark,1953,46036,0
2525,60600,Man In The Dark,1953,46036,0
2526,60624,Man In The Dark,1953,46036,0
2527,60648,Man In The Dark,1953,46036,0
2528,60672,Man In The Dark,1953,46036,0
2529,60696,Man In The Dark,1953,46036,0
2530,60720,Man In The Dark,1953,46036,0
2531,60744,Man In The Dark,1953,46036,0
2532,60768,Man In The Dark,1953,46036,0
2533,60792,Man In The Dark,1953,46036,0
2534,60816,Man In The Dark,1953,46036,0
2535,60840,Man In The Dark,1953,46036,0
2536,60864,Man In The Dark,1953,46036,0
2537,60888,Man In The Dark,1953,46036,0
2538,60912,Man In The Dark,1953,46036,0
2539,60936,Man In The Dark,1953,46036,0
2540,60960,Man In The Dark,1953,46036,0
2541,60984,Man In The Dark,1953,46036,0
2542,61008,Man In The Dark,1953,46036,0
2543,61032,Man In The Dark,1953,46036,0
2544,61056,Man In The Dark,1953,46036,0
2545,61080,Man In The Dark,1953,46036,0
2546,61104,Man In The Dark,1953,46036,0
2547,61128,Man In The Dark,1953,46036,0
2548,61152,Man In The Dark,1953,46036,0
2549,61176,Man In The Dark,1953,46036,0
2550,61200,Man In The Dark,1953,46036,0
2551,61224,Man In The Dark,1953,46036,0
2552,61248,Man In The Dark,1953,46036,0
2553,61272,Man In The Dark,1953,46036,0
2554,61296,Man In The Dark,1953,46036,0
2555,61320,Man In The Dark,1953,46036,0
2556,61344,Man In The Dark,1953,46036,0
2557,61368,Man In The Dark,1953,46036,0
2558,61392,Man In The Dark,1953,46036,0
2559,61416,Man In The Dark,1953,46036,0
2560,61440,Man In The Dark,1953,46036,0
2561,61464,Man In The Dark,1953,46036,0
2562,61488,Man In The Dark,1953,46036,0
2563,61512,Man In The Dark,1953,46036,0
2564,61536,Man In The Dark,1953,46036,0
2565,61560,Man In The Dark,1953,46036,0
2566,61584,Man In The Dark,1953,46036,0
2567,61608,Man In The Dark,1953,46036,0
2568,61632,Man In The Dark,1953,46036,0
2569,61656,Man In The Dark,1953,46036,0
2570,61680,Man In The Dark,1953,46036,0
2571,61704,Man In The Dark,1953,46036,0
2572,61728,Man In The Dark,1953,46036,0
2573,61752,Man In The Dark,1953,46036,0
2574,61776,Man In The Dark,1953,46036,0
2575,61800,Man In The Dark,1953,46036,0
2576,61824,Man In The Dark,1953,46036,0
2577,61848,Man In The Dark,1953,46036,0
2578,61872,Man In The Dark,1953,46036,0
2579,61896,Man In The Dark,1953,46036,0
2580,61920,Man In The Dark,1953,46036,0
2581,61944,Man In The Dark,1953,46036,0
2582,61968,Man In The Dark,1953,46036,0
2583,61992,Man In The Dark,1953,46036,0
2584,62016,Man In The Dark,1953,46036,0
2585,62040,Man In The Dark,1953,46036,0
2586,62064,Man In The Dark,1953,46036,0
2587,62088,Man In The Dark,1953,46036,0
2588,62112,Man In The Dark,1953,46036,0
2589,62136,Man In The Dark,1953,46036,0
2590,62160,Man In The Dark,1953,46036,0
2591,62184,Man In The Dark,1953,46036,0
2592,62208,Man In The Dark,1953,46036,0
2593,62232,Man In The Dark,1953,46036,0
2594,62256,Man In The Dark,1953,46036,1
2595,62280,Man In The Dark,1953,46036,1
2596,62304,Man In The Dark,1953,46036,1
2597,62328,Man In The Dark,1953,46036,0
2598,62352,Man In The Dark,1953,46036,0
2599,62376,Man In The Dark,1953,46036,0
2600,62400,Man In The Dark,1953,46036,0
2601,62424,Man In The Dark,1953,46036,0
2602,62448,Man In The Dark,1953,46036,0
2603,62472,Man In The Dark,1953,46036,1
2604,62496,Man In The Dark,1953,46036,0
2605,62520,Man In The Dark,1953,46036,0
2606,62544,Man In The Dark,1953,46036,0
2607,62568,Man In The Dark,1953,46036,0
2608,62592,Man In The Dark,1953,46036,0
2609,62616,Man In The Dark,1953,46036,0
2610,62640,Man In The Dark,1953,46036,0
2611,62664,Man In The Dark,1953,46036,0
2612,62688,Man In The Dark,1953,46036,0
2613,62712,Man In The Dark,1953,46036,0
2614,62736,Man In The Dark,1953,46036,0
2615,62760,Man In The Dark,1953,46036,0
2616,62784,Man In The Dark,1953,46036,0
2617,62808,Man In The Dark,1953,46036,0
2618,62832,Man In The Dark,1953,46036,0
2619,62856,Man In The Dark,1953,46036,0
2620,62880,Man In The Dark,1953,46036,0
2621,62904,Man In The Dark,1953,46036,0
2622,62928,Man In The Dark,1953,46036,0
2623,62952,Man In The Dark,1953,46036,0
2624,62976,Man In The Dark,1953,46036,0
2625,63000,Man In The Dark,1953,46036,0
2626,63024,Man In The Dark,1953,46036,0
2627,63048,Man In The Dark,1953,46036,0
2628,63072,Man In The Dark,1953,46036,0
2629,63096,Man In The Dark,1953,46036,0
2630,63120,Man In The Dark,1953,46036,0
2631,63144,Man In The Dark,1953,46036,0
2632,63168,Man In The Dark,1953,46036,0
2633,63192,Man In The Dark,1953,46036,0
2634,63216,Man In The Dark,1953,46036,0
2635,63240,Man In The Dark,1953,46036,0
2636,63264,Man In The Dark,1953,46036,0
2637,63288,Man In The Dark,1953,46036,0
2638,63312,Man In The Dark,1953,46036,0
2639,63336,Man In The Dark,1953,46036,0
2640,63360,Man In The Dark,1953,46036,0
2641,63384,Man In The Dark,1953,46036,0
2642,63408,Man In The Dark,1953,46036,0
2643,63432,Man In The Dark,1953,46036,0
2644,63456,Man In The Dark,1953,46036,0
2645,63480,Man In The Dark,1953,46036,0
2646,63504,Man In The Dark,1953,46036,0
2647,63528,Man In The Dark,1953,46036,1
2648,63552,Man In The Dark,1953,46036,0
2649,63576,Man In The Dark,1953,46036,0
2650,63600,Man In The Dark,1953,46036,0
2651,63624,Man In The Dark,1953,46036,0
2652,63648,Man In The Dark,1953,46036,0
2653,63672,Man In The Dark,1953,46036,0
2654,63696,Man In The Dark,1953,46036,0
2655,63720,Man In The Dark,1953,46036,0
2656,63744,Man In The Dark,1953,46036,0
2657,63768,Man In The Dark,1953,46036,0
2658,63792,Man In The Dark,1953,46036,0
2659,63816,Man In The Dark,1953,46036,0
2660,63840,Man In The Dark,1953,46036,0
2661,63864,Man In The Dark,1953,46036,0
2662,63888,Man In The Dark,1953,46036,0
2663,63912,Man In The Dark,1953,46036,0
2664,63936,Man In The Dark,1953,46036,0
2665,63960,Man In The Dark,1953,46036,0
2666,63984,Man In The Dark,1953,46036,0
2667,64008,Man In The Dark,1953,46036,0
2668,64032,Man In The Dark,1953,46036,0
2669,64056,Man In The Dark,1953,46036,0
2670,64080,Man In The Dark,1953,46036,0
2671,64104,Man In The Dark,1953,46036,0
2672,64128,Man In The Dark,1953,46036,0
2673,64152,Man In The Dark,1953,46036,0
2674,64176,Man In The Dark,1953,46036,0
2675,64200,Man In The Dark,1953,46036,0
2676,64224,Man In The Dark,1953,46036,0
2677,64248,Man In The Dark,1953,46036,0
2678,64272,Man In The Dark,1953,46036,0
2679,64296,Man In The Dark,1953,46036,0
2680,64320,Man In The Dark,1953,46036,0
2681,64344,Man In The Dark,1953,46036,0
2682,64368,Man In The Dark,1953,46036,0
2683,64392,Man In The Dark,1953,46036,0
2684,64416,Man In The Dark,1953,46036,0
2685,64440,Man In The Dark,1953,46036,0
2686,64464,Man In The Dark,1953,46036,1
2687,64488,Man In The Dark,1953,46036,0
2688,64512,Man In The Dark,1953,46036,0
2689,64536,Man In The Dark,1953,46036,0
2690,64560,Man In The Dark,1953,46036,0
2691,64584,Man In The Dark,1953,46036,0
2692,64608,Man In The Dark,1953,46036,0
2693,64632,Man In The Dark,1953,46036,0
2694,64656,Man In The Dark,1953,46036,0
2695,64680,Man In The Dark,1953,46036,0
2696,64704,Man In The Dark,1953,46036,0
2697,64728,Man In The Dark,1953,46036,0
2698,64752,Man In The Dark,1953,46036,0
2699,64776,Man In The Dark,1953,46036,0
2700,64800,Man In The Dark,1953,46036,0
2701,64824,Man In The Dark,1953,46036,0
2702,64848,Man In The Dark,1953,46036,0
2703,64872,Man In The Dark,1953,46036,0
2704,64896,Man In The Dark,1953,46036,0
2705,64920,Man In The Dark,1953,46036,0
2706,64944,Man In The Dark,1953,46036,0
2707,64968,Man In The Dark,1953,46036,0
2708,64992,Man In The Dark,1953,46036,0
2709,65016,Man In The Dark,1953,46036,0
2710,65040,Man In The Dark,1953,46036,0
2711,65064,Man In The Dark,1953,46036,0
2712,65088,Man In The Dark,1953,46036,0
2713,65112,Man In The Dark,1953,46036,0
2714,65136,Man In The Dark,1953,46036,0
2715,65160,Man In The Dark,1953,46036,0
2716,65184,Man In The Dark,1953,46036,0
2717,65208,Man In The Dark,1953,46036,0
2718,65232,Man In The Dark,1953,46036,0
2719,65256,Man In The Dark,1953,46036,0
2720,65280,Man In The Dark,1953,46036,0
2721,65304,Man In The Dark,1953,46036,0
2722,65328,Man In The Dark,1953,46036,0
2723,65352,Man In The Dark,1953,46036,0
2724,65376,Man In The Dark,1953,46036,1
2725,65400,Man In The Dark,1953,46036,1
2726,65424,Man In The Dark,1953,46036,1
2727,65448,Man In The Dark,1953,46036,0
2728,65472,Man In The Dark,1953,46036,0
2729,65496,Man In The Dark,1953,46036,0
2730,65520,Man In The Dark,1953,46036,0
2731,65544,Man In The Dark,1953,46036,0
2732,65568,Man In The Dark,1953,46036,0
2733,65592,Man In The Dark,1953,46036,0
2734,65616,Man In The Dark,1953,46036,0
2735,65640,Man In The Dark,1953,46036,0
2736,65664,Man In The Dark,1953,46036,0
2737,65688,Man In The Dark,1953,46036,0
2738,65712,Man In The Dark,1953,46036,0
2739,65736,Man In The Dark,1953,46036,0
2740,65760,Man In The Dark,1953,46036,0
2741,65784,Man In The Dark,1953,46036,0
2742,65808,Man In The Dark,1953,46036,0
2743,65832,Man In The Dark,1953,46036,0
2744,65856,Man In The Dark,1953,46036,0
2745,65880,Man In The Dark,1953,46036,0
2746,65904,Man In The Dark,1953,46036,0
2747,65928,Man In The Dark,1953,46036,1
2748,65952,Man In The Dark,1953,46036,0
2749,65976,Man In The Dark,1953,46036,0
2750,66000,Man In The Dark,1953,46036,0
2751,66024,Man In The Dark,1953,46036,0
2752,66048,Man In The Dark,1953,46036,0
2753,66072,Man In The Dark,1953,46036,0
2754,66096,Man In The Dark,1953,46036,0
2755,66120,Man In The Dark,1953,46036,0
2756,66144,Man In The Dark,1953,46036,0
2757,66168,Man In The Dark,1953,46036,0
2758,66192,Man In The Dark,1953,46036,0
2759,66216,Man In The Dark,1953,46036,0
2760,66240,Man In The Dark,1953,46036,0
2761,66264,Man In The Dark,1953,46036,0
2762,66288,Man In The Dark,1953,46036,0
2763,66312,Man In The Dark,1953,46036,0
2764,66336,Man In The Dark,1953,46036,0
2765,66360,Man In The Dark,1953,46036,0
2766,66384,Man In The Dark,1953,46036,0
2767,66408,Man In The Dark,1953,46036,0
2768,66432,Man In The Dark,1953,46036,0
2769,66456,Man In The Dark,1953,46036,0
2770,66480,Man In The Dark,1953,46036,0
2771,66504,Man In The Dark,1953,46036,0
2772,66528,Man In The Dark,1953,46036,0
2773,66552,Man In The Dark,1953,46036,0
2774,66576,Man In The Dark,1953,46036,0
2775,66600,Man In The Dark,1953,46036,0
2776,66624,Man In The Dark,1953,46036,0
2777,66648,Man In The Dark,1953,46036,0
2778,66672,Man In The Dark,1953,46036,0
2779,66696,Man In The Dark,1953,46036,0
2780,66720,Man In The Dark,1953,46036,0
2781,66744,Man In The Dark,1953,46036,0
2782,66768,Man In The Dark,1953,46036,0
2783,66792,Man In The Dark,1953,46036,0
2784,66816,Man In The Dark,1953,46036,0
2785,66840,Man In The Dark,1953,46036,0
2786,66864,Man In The Dark,1953,46036,0
2787,66888,Man In The Dark,1953,46036,0
2788,66912,Man In The Dark,1953,46036,0
2789,66936,Man In The Dark,1953,46036,0
2790,66960,Man In The Dark,1953,46036,0
2791,66984,Man In The Dark,1953,46036,0
2792,67008,Man In The Dark,1953,46036,0
2793,67032,Man In The Dark,1953,46036,0
2794,67056,Man In The Dark,1953,46036,0
2795,67080,Man In The Dark,1953,46036,0
2796,67104,Man In The Dark,1953,46036,0
2797,67128,Man In The Dark,1953,46036,0
2798,67152,Man In The Dark,1953,46036,0
2799,67176,Man In The Dark,1953,46036,0
2800,67200,Man In The Dark,1953,46036,0
2801,67224,Man In The Dark,1953,46036,0
2802,67248,Man In The Dark,1953,46036,0
2803,67272,Man In The Dark,1953,46036,0
2804,67296,Man In The Dark,1953,46036,0
2805,67320,Man In The Dark,1953,46036,0
2806,67344,Man In The Dark,1953,46036,0
2807,67368,Man In The Dark,1953,46036,0
2808,67392,Man In The Dark,1953,46036,0
2809,67416,Man In The Dark,1953,46036,0
2810,67440,Man In The Dark,1953,46036,0
2811,67464,Man In The Dark,1953,46036,0
2812,67488,Man In The Dark,1953,46036,0
2813,67512,Man In The Dark,1953,46036,0
2814,67536,Man In The Dark,1953,46036,0
2815,67560,Man In The Dark,1953,46036,0
2816,67584,Man In The Dark,1953,46036,0
2817,67608,Man In The Dark,1953,46036,0
2818,67632,Man In The Dark,1953,46036,0
2819,67656,Man In The Dark,1953,46036,0
2820,67680,Man In The Dark,1953,46036,0
2821,67704,Man In The Dark,1953,46036,0
2822,67728,Man In The Dark,1953,46036,0
2823,67752,Man In The Dark,1953,46036,0
2824,67776,Man In The Dark,1953,46036,0
2825,67800,Man In The Dark,1953,46036,0
2826,67824,Man In The Dark,1953,46036,0
2827,67848,Man In The Dark,1953,46036,0
2828,67872,Man In The Dark,1953,46036,0
2829,67896,Man In The Dark,1953,46036,0
2830,67920,Man In The Dark,1953,46036,0
2831,67944,Man In The Dark,1953,46036,0
2832,67968,Man In The Dark,1953,46036,0
2833,67992,Man In The Dark,1953,46036,0
2834,68016,Man In The Dark,1953,46036,0
2835,68040,Man In The Dark,1953,46036,0
2836,68064,Man In The Dark,1953,46036,0
2837,68088,Man In The Dark,1953,46036,0
2838,68112,Man In The Dark,1953,46036,0
2839,68136,Man In The Dark,1953,46036,0
2840,68160,Man In The Dark,1953,46036,0
2841,68184,Man In The Dark,1953,46036,0
2842,68208,Man In The Dark,1953,46036,0
2843,68232,Man In The Dark,1953,46036,0
2844,68256,Man In The Dark,1953,46036,0
2845,68280,Man In The Dark,1953,46036,0
2846,68304,Man In The Dark,1953,46036,0
2847,68328,Man In The Dark,1953,46036,0
2848,68352,Man In The Dark,1953,46036,0
2849,68376,Man In The Dark,1953,46036,0
2850,68400,Man In The Dark,1953,46036,0
2851,68424,Man In The Dark,1953,46036,1
2852,68448,Man In The Dark,1953,46036,1
2853,68472,Man In The Dark,1953,46036,1
2854,68496,Man In The Dark,1953,46036,1
2855,68520,Man In The Dark,1953,46036,1
2856,68544,Man In The Dark,1953,46036,1
2857,68568,Man In The Dark,1953,46036,1
2858,68592,Man In The Dark,1953,46036,1
2859,68616,Man In The Dark,1953,46036,1
2860,68640,Man In The Dark,1953,46036,1
2861,68664,Man In The Dark,1953,46036,1
2862,68688,Man In The Dark,1953,46036,1
2863,68712,Man In The Dark,1953,46036,1
2864,68736,Man In The Dark,1953,46036,1
2865,68760,Man In The Dark,1953,46036,0
2866,68784,Man In The Dark,1953,46036,0
2867,68808,Man In The Dark,1953,46036,0
2868,68832,Man In The Dark,1953,46036,0
2869,68856,Man In The Dark,1953,46036,0
2870,68880,Man In The Dark,1953,46036,0
2871,68904,Man In The Dark,1953,46036,0
2872,68928,Man In The Dark,1953,46036,0
2873,68952,Man In The Dark,1953,46036,0
2874,68976,Man In The Dark,1953,46036,0
2875,69000,Man In The Dark,1953,46036,0
2876,69024,Man In The Dark,1953,46036,0
2877,69048,Man In The Dark,1953,46036,0
2878,69072,Man In The Dark,1953,46036,0
2879,69096,Man In The Dark,1953,46036,0
2880,69120,Man In The Dark,1953,46036,0
2881,69144,Man In The Dark,1953,46036,0
2882,69168,Man In The Dark,1953,46036,0
2883,69192,Man In The Dark,1953,46036,0
2884,69216,Man In The Dark,1953,46036,0
2885,69240,Man In The Dark,1953,46036,0
2886,69264,Man In The Dark,1953,46036,0
2887,69288,Man In The Dark,1953,46036,0
2888,69312,Man In The Dark,1953,46036,0
2889,69336,Man In The Dark,1953,46036,0
2890,69360,Man In The Dark,1953,46036,0
2891,69384,Man In The Dark,1953,46036,0
2892,69408,Man In The Dark,1953,46036,0
2893,69432,Man In The Dark,1953,46036,0
2894,69456,Man In The Dark,1953,46036,0
2895,69480,Man In The Dark,1953,46036,0
2896,69504,Man In The Dark,1953,46036,0
2897,69528,Man In The Dark,1953,46036,0
2898,69552,Man In The Dark,1953,46036,0
2899,69576,Man In The Dark,1953,46036,0
2900,69600,Man In The Dark,1953,46036,0
2901,69624,Man In The Dark,1953,46036,0
2902,69648,Man In The Dark,1953,46036,0
2903,69672,Man In The Dark,1953,46036,0
2904,69696,Man In The Dark,1953,46036,0
2905,69720,Man In The Dark,1953,46036,0
2906,69744,Man In The Dark,1953,46036,0
2907,69768,Man In The Dark,1953,46036,0
2908,69792,Man In The Dark,1953,46036,0
2909,69816,Man In The Dark,1953,46036,0
2910,69840,Man In The Dark,1953,46036,0
2911,69864,Man In The Dark,1953,46036,0
2912,69888,Man In The Dark,1953,46036,0
2913,69912,Man In The Dark,1953,46036,0
2914,69936,Man In The Dark,1953,46036,0
2915,69960,Man In The Dark,1953,46036,0
2916,69984,Man In The Dark,1953,46036,0
2917,70008,Man In The Dark,1953,46036,0
2918,70032,Man In The Dark,1953,46036,0
2919,70056,Man In The Dark,1953,46036,0
2920,70080,Man In The Dark,1953,46036,0
2921,70104,Man In The Dark,1953,46036,0
2922,70128,Man In The Dark,1953,46036,0
2923,70152,Man In The Dark,1953,46036,0
2924,70176,Man In The Dark,1953,46036,0
2925,70200,Man In The Dark,1953,46036,0
2926,70224,Man In The Dark,1953,46036,0
2927,70248,Man In The Dark,1953,46036,0
2928,70272,Man In The Dark,1953,46036,0
2929,70296,Man In The Dark,1953,46036,0
2930,70320,Man In The Dark,1953,46036,0
2931,70344,Man In The Dark,1953,46036,0
2932,70368,Man In The Dark,1953,46036,0
2933,70392,Man In The Dark,1953,46036,0
2934,70416,Man In The Dark,1953,46036,0
2935,70440,Man In The Dark,1953,46036,0
2936,70464,Man In The Dark,1953,46036,0
2937,70488,Man In The Dark,1953,46036,0
2938,70512,Man In The Dark,1953,46036,0
2939,70536,Man In The Dark,1953,46036,0
2940,70560,Man In The Dark,1953,46036,0
2941,70584,Man In The Dark,1953,46036,0
2942,70608,Man In The Dark,1953,46036,0
2943,70632,Man In The Dark,1953,46036,0
2944,70656,Man In The Dark,1953,46036,0
2945,70680,Man In The Dark,1953,46036,0
2946,70704,Man In The Dark,1953,46036,0
2947,70728,Man In The Dark,1953,46036,0
2948,70752,Man In The Dark,1953,46036,0
2949,70776,Man In The Dark,1953,46036,0
2950,70800,Man In The Dark,1953,46036,0
2951,70824,Man In The Dark,1953,46036,0
2952,70848,Man In The Dark,1953,46036,0
2953,70872,Man In The Dark,1953,46036,0
2954,70896,Man In The Dark,1953,46036,0
2955,70920,Man In The Dark,1953,46036,0
2956,70944,Man In The Dark,1953,46036,0
2957,70968,Man In The Dark,1953,46036,0
2958,70992,Man In The Dark,1953,46036,0
2959,71016,Man In The Dark,1953,46036,0
2960,71040,Man In The Dark,1953,46036,0
2961,71064,Man In The Dark,1953,46036,0
2962,71088,Man In The Dark,1953,46036,0
2963,71112,Man In The Dark,1953,46036,0
2964,71136,Man In The Dark,1953,46036,0
2965,71160,Man In The Dark,1953,46036,0
2966,71184,Man In The Dark,1953,46036,0
2967,71208,Man In The Dark,1953,46036,0
2968,71232,Man In The Dark,1953,46036,0
2969,71256,Man In The Dark,1953,46036,0
2970,71280,Man In The Dark,1953,46036,0
2971,71304,Man In The Dark,1953,46036,0
2972,71328,Man In The Dark,1953,46036,0
2973,71352,Man In The Dark,1953,46036,0
2974,71376,Man In The Dark,1953,46036,0
2975,71400,Man In The Dark,1953,46036,0
2976,71424,Man In The Dark,1953,46036,0
2977,71448,Man In The Dark,1953,46036,0
2978,71472,Man In The Dark,1953,46036,0
2979,71496,Man In The Dark,1953,46036,0
2980,71520,Man In The Dark,1953,46036,0
2981,71544,Man In The Dark,1953,46036,0
2982,71568,Man In The Dark,1953,46036,0
2983,71592,Man In The Dark,1953,46036,0
2984,71616,Man In The Dark,1953,46036,0
2985,71640,Man In The Dark,1953,46036,0
2986,71664,Man In The Dark,1953,46036,0
2987,71688,Man In The Dark,1953,46036,0
2988,71712,Man In The Dark,1953,46036,0
2989,71736,Man In The Dark,1953,46036,0
2990,71760,Man In The Dark,1953,46036,0
2991,71784,Man In The Dark,1953,46036,0
2992,71808,Man In The Dark,1953,46036,0
2993,71832,Man In The Dark,1953,46036,0
2994,71856,Man In The Dark,1953,46036,0
2995,71880,Man In The Dark,1953,46036,0
2996,71904,Man In The Dark,1953,46036,0
2997,71928,Man In The Dark,1953,46036,0
2998,71952,Man In The Dark,1953,46036,0
2999,71976,Man In The Dark,1953,46036,0
3000,72000,Man In The Dark,1953,46036,0
3001,72024,Man In The Dark,1953,46036,0
3002,72048,Man In The Dark,1953,46036,0
3003,72072,Man In The Dark,1953,46036,0
3004,72096,Man In The Dark,1953,46036,0
3005,72120,Man In The Dark,1953,46036,0
3006,72144,Man In The Dark,1953,46036,0
3007,72168,Man In The Dark,1953,46036,0
3008,72192,Man In The Dark,1953,46036,0
3009,72216,Man In The Dark,1953,46036,0
3010,72240,Man In The Dark,1953,46036,0
3011,72264,Man In The Dark,1953,46036,0
3012,72288,Man In The Dark,1953,46036,0
3013,72312,Man In The Dark,1953,46036,0
3014,72336,Man In The Dark,1953,46036,0
3015,72360,Man In The Dark,1953,46036,0
3016,72384,Man In The Dark,1953,46036,0
3017,72408,Man In The Dark,1953,46036,0
3018,72432,Man In The Dark,1953,46036,0
3019,72456,Man In The Dark,1953,46036,0
3020,72480,Man In The Dark,1953,46036,0
3021,72504,Man In The Dark,1953,46036,1
3022,72528,Man In The Dark,1953,46036,1
3023,72552,Man In The Dark,1953,46036,1
3024,72576,Man In The Dark,1953,46036,1
3025,72600,Man In The Dark,1953,46036,0
3026,72624,Man In The Dark,1953,46036,0
3027,72648,Man In The Dark,1953,46036,1
3028,72672,Man In The Dark,1953,46036,0
3029,72696,Man In The Dark,1953,46036,0
3030,72720,Man In The Dark,1953,46036,0
3031,72744,Man In The Dark,1953,46036,0
3032,72768,Man In The Dark,1953,46036,0
3033,72792,Man In The Dark,1953,46036,0
3034,72816,Man In The Dark,1953,46036,0
3035,72840,Man In The Dark,1953,46036,0
3036,72864,Man In The Dark,1953,46036,0
3037,72888,Man In The Dark,1953,46036,0
3038,72912,Man In The Dark,1953,46036,0
3039,72936,Man In The Dark,1953,46036,0
3040,72960,Man In The Dark,1953,46036,0
3041,72984,Man In The Dark,1953,46036,0
3042,73008,Man In The Dark,1953,46036,0
3043,73032,Man In The Dark,1953,46036,0
3044,73056,Man In The Dark,1953,46036,0
3045,73080,Man In The Dark,1953,46036,0
3046,73104,Man In The Dark,1953,46036,0
3047,73128,Man In The Dark,1953,46036,0
3048,73152,Man In The Dark,1953,46036,0
3049,73176,Man In The Dark,1953,46036,0
3050,73200,Man In The Dark,1953,46036,0
3051,73224,Man In The Dark,1953,46036,0
3052,73248,Man In The Dark,1953,46036,0
3053,73272,Man In The Dark,1953,46036,0
3054,73296,Man In The Dark,1953,46036,0
3055,73320,Man In The Dark,1953,46036,0
3056,73344,Man In The Dark,1953,46036,0
3057,73368,Man In The Dark,1953,46036,0
3058,73392,Man In The Dark,1953,46036,0
3059,73416,Man In The Dark,1953,46036,0
3060,73440,Man In The Dark,1953,46036,0
3061,73464,Man In The Dark,1953,46036,0
3062,73488,Man In The Dark,1953,46036,0
3063,73512,Man In The Dark,1953,46036,0
3064,73536,Man In The Dark,1953,46036,0
3065,73560,Man In The Dark,1953,46036,0
3066,73584,Man In The Dark,1953,46036,0
3067,73608,Man In The Dark,1953,46036,0
3068,73632,Man In The Dark,1953,46036,0
3069,73656,Man In The Dark,1953,46036,0
3070,73680,Man In The Dark,1953,46036,0
3071,73704,Man In The Dark,1953,46036,0
3072,73728,Man In The Dark,1953,46036,0
3073,73752,Man In The Dark,1953,46036,0
3074,73776,Man In The Dark,1953,46036,0
3075,73800,Man In The Dark,1953,46036,0
3076,73824,Man In The Dark,1953,46036,1
3077,73848,Man In The Dark,1953,46036,1
3078,73872,Man In The Dark,1953,46036,1
3079,73896,Man In The Dark,1953,46036,1
3080,73920,Man In The Dark,1953,46036,1
3081,73944,Man In The Dark,1953,46036,1
3082,73968,Man In The Dark,1953,46036,1
3083,73992,Man In The Dark,1953,46036,1
3084,74016,Man In The Dark,1953,46036,1
3085,74040,Man In The Dark,1953,46036,1
3086,74064,Man In The Dark,1953,46036,1
3087,74088,Man In The Dark,1953,46036,1
3088,74112,Man In The Dark,1953,46036,1
3089,74136,Man In The Dark,1953,46036,1
3090,74160,Man In The Dark,1953,46036,1
3091,74184,Man In The Dark,1953,46036,0
3092,74208,Man In The Dark,1953,46036,1
3093,74232,Man In The Dark,1953,46036,1
3094,74256,Man In The Dark,1953,46036,0
3095,74280,Man In The Dark,1953,46036,1
3096,74304,Man In The Dark,1953,46036,1
3097,74328,Man In The Dark,1953,46036,1
3098,74352,Man In The Dark,1953,46036,1
3099,74376,Man In The Dark,1953,46036,1
3100,74400,Man In The Dark,1953,46036,1
3101,74424,Man In The Dark,1953,46036,0
3102,74448,Man In The Dark,1953,46036,1
3103,74472,Man In The Dark,1953,46036,1
3104,74496,Man In The Dark,1953,46036,0
3105,74520,Man In The Dark,1953,46036,1
3106,74544,Man In The Dark,1953,46036,1
3107,74568,Man In The Dark,1953,46036,1
3108,74592,Man In The Dark,1953,46036,1
3109,74616,Man In The Dark,1953,46036,1
3110,74640,Man In The Dark,1953,46036,1
3111,74664,Man In The Dark,1953,46036,1
3112,74688,Man In The Dark,1953,46036,1
3113,74712,Man In The Dark,1953,46036,0
3114,74736,Man In The Dark,1953,46036,0
3115,74760,Man In The Dark,1953,46036,0
3116,74784,Man In The Dark,1953,46036,1
3117,74808,Man In The Dark,1953,46036,0
3118,74832,Man In The Dark,1953,46036,0
3119,74856,Man In The Dark,1953,46036,1
3120,74880,Man In The Dark,1953,46036,1
3121,74904,Man In The Dark,1953,46036,0
3122,74928,Man In The Dark,1953,46036,0
3123,74952,Man In The Dark,1953,46036,1
3124,74976,Man In The Dark,1953,46036,1
3125,75000,Man In The Dark,1953,46036,1
3126,75024,Man In The Dark,1953,46036,1
3127,75048,Man In The Dark,1953,46036,1
3128,75072,Man In The Dark,1953,46036,1
3129,75096,Man In The Dark,1953,46036,1
3130,75120,Man In The Dark,1953,46036,1
3131,75144,Man In The Dark,1953,46036,0
3132,75168,Man In The Dark,1953,46036,0
3133,75192,Man In The Dark,1953,46036,0
3134,75216,Man In The Dark,1953,46036,0
3135,75240,Man In The Dark,1953,46036,0
3136,75264,Man In The Dark,1953,46036,0
3137,75288,Man In The Dark,1953,46036,0
3138,75312,Man In The Dark,1953,46036,0
3139,75336,Man In The Dark,1953,46036,0
3140,75360,Man In The Dark,1953,46036,0
3141,75384,Man In The Dark,1953,46036,0
3142,75408,Man In The Dark,1953,46036,0
3143,75432,Man In The Dark,1953,46036,0
3144,75456,Man In The Dark,1953,46036,0
3145,75480,Man In The Dark,1953,46036,1
3146,75504,Man In The Dark,1953,46036,0
3147,75528,Man In The Dark,1953,46036,0
3148,75552,Man In The Dark,1953,46036,0
3149,75576,Man In The Dark,1953,46036,0
3150,75600,Man In The Dark,1953,46036,1
3151,75624,Man In The Dark,1953,46036,1
3152,75648,Man In The Dark,1953,46036,0
3153,75672,Man In The Dark,1953,46036,0
3154,75696,Man In The Dark,1953,46036,0
3155,75720,Man In The Dark,1953,46036,0
3156,75744,Man In The Dark,1953,46036,0
3157,75768,Man In The Dark,1953,46036,0
3158,75792,Man In The Dark,1953,46036,0
3159,75816,Man In The Dark,1953,46036,0
3160,75840,Man In The Dark,1953,46036,0
3161,75864,Man In The Dark,1953,46036,0
3162,75888,Man In The Dark,1953,46036,0
3163,75912,Man In The Dark,1953,46036,0
3164,75936,Man In The Dark,1953,46036,0
3165,75960,Man In The Dark,1953,46036,0
3166,75984,Man In The Dark,1953,46036,0
3167,76008,Man In The Dark,1953,46036,0
3168,76032,Man In The Dark,1953,46036,0
3169,76056,Man In The Dark,1953,46036,0
3170,76080,Man In The Dark,1953,46036,0
3171,76104,Man In The Dark,1953,46036,0
3172,76128,Man In The Dark,1953,46036,0
3173,76152,Man In The Dark,1953,46036,0
3174,76176,Man In The Dark,1953,46036,0
3175,76200,Man In The Dark,1953,46036,0
3176,76224,Man In The Dark,1953,46036,0
3177,76248,Man In The Dark,1953,46036,1
3178,76272,Man In The Dark,1953,46036,1
3179,76296,Man In The Dark,1953,46036,1
3180,76320,Man In The Dark,1953,46036,0
3181,76344,Man In The Dark,1953,46036,0
3182,76368,Man In The Dark,1953,46036,0
3183,76392,Man In The Dark,1953,46036,0
3184,76416,Man In The Dark,1953,46036,0
3185,76440,Man In The Dark,1953,46036,0
3186,76464,Man In The Dark,1953,46036,0
3187,76488,Man In The Dark,1953,46036,1
3188,76512,Man In The Dark,1953,46036,1
3189,76536,Man In The Dark,1953,46036,1
3190,76560,Man In The Dark,1953,46036,0
3191,76584,Man In The Dark,1953,46036,0
3192,76608,Man In The Dark,1953,46036,0
3193,76632,Man In The Dark,1953,46036,0
3194,76656,Man In The Dark,1953,46036,0
3195,76680,Man In The Dark,1953,46036,0
3196,76704,Man In The Dark,1953,46036,0
3197,76728,Man In The Dark,1953,46036,0
3198,76752,Man In The Dark,1953,46036,0
3199,76776,Man In The Dark,1953,46036,0
3200,76800,Man In The Dark,1953,46036,0
3201,76824,Man In The Dark,1953,46036,0
3202,76848,Man In The Dark,1953,46036,0
3203,76872,Man In The Dark,1953,46036,0
3204,76896,Man In The Dark,1953,46036,0
3205,76920,Man In The Dark,1953,46036,0
3206,76944,Man In The Dark,1953,46036,0
3207,76968,Man In The Dark,1953,46036,0
3208,76992,Man In The Dark,1953,46036,0
3209,77016,Man In The Dark,1953,46036,0
3210,77040,Man In The Dark,1953,46036,0
3211,77064,Man In The Dark,1953,46036,1
3212,77088,Man In The Dark,1953,46036,1
3213,77112,Man In The Dark,1953,46036,1
3214,77136,Man In The Dark,1953,46036,1
3215,77160,Man In The Dark,1953,46036,1
3216,77184,Man In The Dark,1953,46036,1
3217,77208,Man In The Dark,1953,46036,1
3218,77232,Man In The Dark,1953,46036,1
3219,77256,Man In The Dark,1953,46036,1
3220,77280,Man In The Dark,1953,46036,1
3221,77304,Man In The Dark,1953,46036,1
3222,77328,Man In The Dark,1953,46036,1
3223,77352,Man In The Dark,1953,46036,1
3224,77376,Man In The Dark,1953,46036,1
3225,77400,Man In The Dark,1953,46036,1
3226,77424,Man In The Dark,1953,46036,1
3227,77448,Man In The Dark,1953,46036,1
3228,77472,Man In The Dark,1953,46036,1
3229,77496,Man In The Dark,1953,46036,1
3230,77520,Man In The Dark,1953,46036,0
3231,77544,Man In The Dark,1953,46036,0
3232,77568,Man In The Dark,1953,46036,0
3233,77592,Man In The Dark,1953,46036,1
3234,77616,Man In The Dark,1953,46036,1
3235,77640,Man In The Dark,1953,46036,1
3236,77664,Man In The Dark,1953,46036,1
3237,77688,Man In The Dark,1953,46036,1
3238,77712,Man In The Dark,1953,46036,1
3239,77736,Man In The Dark,1953,46036,1
3240,77760,Man In The Dark,1953,46036,1
3241,77784,Man In The Dark,1953,46036,1
3242,77808,Man In The Dark,1953,46036,1
3243,77832,Man In The Dark,1953,46036,1
3244,77856,Man In The Dark,1953,46036,0
3245,77880,Man In The Dark,1953,46036,0
3246,77904,Man In The Dark,1953,46036,0
3247,77928,Man In The Dark,1953,46036,0
3248,77952,Man In The Dark,1953,46036,0
3249,77976,Man In The Dark,1953,46036,0
3250,78000,Man In The Dark,1953,46036,0
3251,78024,Man In The Dark,1953,46036,0
3252,78048,Man In The Dark,1953,46036,0
3253,78072,Man In The Dark,1953,46036,0
3254,78096,Man In The Dark,1953,46036,0
3255,78120,Man In The Dark,1953,46036,0
3256,78144,Man In The Dark,1953,46036,0
3257,78168,Man In The Dark,1953,46036,0
3258,78192,Man In The Dark,1953,46036,0
3259,78216,Man In The Dark,1953,46036,0
3260,78240,Man In The Dark,1953,46036,0
3261,78264,Man In The Dark,1953,46036,0
3262,78288,Man In The Dark,1953,46036,0
3263,78312,Man In The Dark,1953,46036,1
3264,78336,Man In The Dark,1953,46036,1
3265,78360,Man In The Dark,1953,46036,1
3266,78384,Man In The Dark,1953,46036,1
3267,78408,Man In The Dark,1953,46036,1
3268,78432,Man In The Dark,1953,46036,1
3269,78456,Man In The Dark,1953,46036,1
3270,78480,Man In The Dark,1953,46036,1
3271,78504,Man In The Dark,1953,46036,1
3272,78528,Man In The Dark,1953,46036,1
3273,78552,Man In The Dark,1953,46036,1
3274,78576,Man In The Dark,1953,46036,0
3275,78600,Man In The Dark,1953,46036,0
3276,78624,Man In The Dark,1953,46036,1
3277,78648,Man In The Dark,1953,46036,1
3278,78672,Man In The Dark,1953,46036,0
3279,78696,Man In The Dark,1953,46036,0
3280,78720,Man In The Dark,1953,46036,0
3281,78744,Man In The Dark,1953,46036,0
3282,78768,Man In The Dark,1953,46036,0
3283,78792,Man In The Dark,1953,46036,0
3284,78816,Man In The Dark,1953,46036,0
3285,78840,Man In The Dark,1953,46036,0
3286,78864,Man In The Dark,1953,46036,0
3287,78888,Man In The Dark,1953,46036,0
3288,78912,Man In The Dark,1953,46036,0
3289,78936,Man In The Dark,1953,46036,0
3290,78960,Man In The Dark,1953,46036,0
3291,78984,Man In The Dark,1953,46036,0
3292,79008,Man In The Dark,1953,46036,0
3293,79032,Man In The Dark,1953,46036,0
3294,79056,Man In The Dark,1953,46036,0
3295,79080,Man In The Dark,1953,46036,0
3296,79104,Man In The Dark,1953,46036,0
3297,79128,Man In The Dark,1953,46036,0
3298,79152,Man In The Dark,1953,46036,0
3299,79176,Man In The Dark,1953,46036,0
3300,79200,Man In The Dark,1953,46036,0
3301,79224,Man In The Dark,1953,46036,0
3302,79248,Man In The Dark,1953,46036,0
3303,79272,Man In The Dark,1953,46036,0
3304,79296,Man In The Dark,1953,46036,0
3305,79320,Man In The Dark,1953,46036,0
3306,79344,Man In The Dark,1953,46036,0
3307,79368,Man In The Dark,1953,46036,0
3308,79392,Man In The Dark,1953,46036,0
3309,79416,Man In The Dark,1953,46036,0
3310,79440,Man In The Dark,1953,46036,0
3311,79464,Man In The Dark,1953,46036,0
3312,79488,Man In The Dark,1953,46036,0
3313,79512,Man In The Dark,1953,46036,0
3314,79536,Man In The Dark,1953,46036,0
3315,79560,Man In The Dark,1953,46036,0
3316,79584,Man In The Dark,1953,46036,0
3317,79608,Man In The Dark,1953,46036,0
3318,79632,Man In The Dark,1953,46036,0
3319,79656,Man In The Dark,1953,46036,0
3320,79680,Man In The Dark,1953,46036,0
3321,79704,Man In The Dark,1953,46036,0
3322,79728,Man In The Dark,1953,46036,0
3323,79752,Man In The Dark,1953,46036,0
3324,79776,Man In The Dark,1953,46036,0
3325,79800,Man In The Dark,1953,46036,0
3326,79824,Man In The Dark,1953,46036,0
3327,79848,Man In The Dark,1953,46036,0
3328,79872,Man In The Dark,1953,46036,0
3329,79896,Man In The Dark,1953,46036,0
3330,79920,Man In The Dark,1953,46036,0
3331,79944,Man In The Dark,1953,46036,0
3332,79968,Man In The Dark,1953,46036,0
3333,79992,Man In The Dark,1953,46036,0
3334,80016,Man In The Dark,1953,46036,0
3335,80040,Man In The Dark,1953,46036,0
3336,80064,Man In The Dark,1953,46036,1
3337,80088,Man In The Dark,1953,46036,0
3338,80112,Man In The Dark,1953,46036,0
3339,80136,Man In The Dark,1953,46036,0
3340,80160,Man In The Dark,1953,46036,1
3341,80184,Man In The Dark,1953,46036,1
3342,80208,Man In The Dark,1953,46036,1
3343,80232,Man In The Dark,1953,46036,0
3344,80256,Man In The Dark,1953,46036,0
3345,80280,Man In The Dark,1953,46036,0
3346,80304,Man In The Dark,1953,46036,0
3347,80328,Man In The Dark,1953,46036,0
3348,80352,Man In The Dark,1953,46036,1
3349,80376,Man In The Dark,1953,46036,1
3350,80400,Man In The Dark,1953,46036,0
3351,80424,Man In The Dark,1953,46036,0
3352,80448,Man In The Dark,1953,46036,1
3353,80472,Man In The Dark,1953,46036,0
3354,80496,Man In The Dark,1953,46036,1
3355,80520,Man In The Dark,1953,46036,1
3356,80544,Man In The Dark,1953,46036,0
3357,80568,Man In The Dark,1953,46036,0
3358,80592,Man In The Dark,1953,46036,0
3359,80616,Man In The Dark,1953,46036,0
3360,80640,Man In The Dark,1953,46036,0
3361,80664,Man In The Dark,1953,46036,0
3362,80688,Man In The Dark,1953,46036,0
3363,80712,Man In The Dark,1953,46036,0
3364,80736,Man In The Dark,1953,46036,0
3365,80760,Man In The Dark,1953,46036,0
3366,80784,Man In The Dark,1953,46036,0
3367,80808,Man In The Dark,1953,46036,0
3368,80832,Man In The Dark,1953,46036,0
3369,80856,Man In The Dark,1953,46036,0
3370,80880,Man In The Dark,1953,46036,0
3371,80904,Man In The Dark,1953,46036,0
3372,80928,Man In The Dark,1953,46036,0
3373,80952,Man In The Dark,1953,46036,0
3374,80976,Man In The Dark,1953,46036,0
3375,81000,Man In The Dark,1953,46036,0
3376,81024,Man In The Dark,1953,46036,0
3377,81048,Man In The Dark,1953,46036,0
3378,81072,Man In The Dark,1953,46036,0
3379,81096,Man In The Dark,1953,46036,0
3380,81120,Man In The Dark,1953,46036,0
3381,81144,Man In The Dark,1953,46036,0
3382,81168,Man In The Dark,1953,46036,0
3383,81192,Man In The Dark,1953,46036,0
3384,81216,Man In The Dark,1953,46036,0
3385,81240,Man In The Dark,1953,46036,0
3386,81264,Man In The Dark,1953,46036,0
3387,81288,Man In The Dark,1953,46036,0
3388,81312,Man In The Dark,1953,46036,0
3389,81336,Man In The Dark,1953,46036,0
3390,81360,Man In The Dark,1953,46036,0
3391,81384,Man In The Dark,1953,46036,0
3392,81408,Man In The Dark,1953,46036,0
3393,81432,Man In The Dark,1953,46036,0
3394,81456,Man In The Dark,1953,46036,0
3395,81480,Man In The Dark,1953,46036,0
3396,81504,Man In The Dark,1953,46036,0
3397,81528,Man In The Dark,1953,46036,0
3398,81552,Man In The Dark,1953,46036,0
3399,81576,Man In The Dark,1953,46036,0
3400,81600,Man In The Dark,1953,46036,0
3401,81624,Man In The Dark,1953,46036,0
3402,81648,Man In The Dark,1953,46036,0
3403,81672,Man In The Dark,1953,46036,0
3404,81696,Man In The Dark,1953,46036,0
3405,81720,Man In The Dark,1953,46036,0
3406,81744,Man In The Dark,1953,46036,0
3407,81768,Man In The Dark,1953,46036,0
3408,81792,Man In The Dark,1953,46036,0
3409,81816,Man In The Dark,1953,46036,0
3410,81840,Man In The Dark,1953,46036,0
3411,81864,Man In The Dark,1953,46036,0
3412,81888,Man In The Dark,1953,46036,0
3413,81912,Man In The Dark,1953,46036,0
3414,81936,Man In The Dark,1953,46036,0
3415,81960,Man In The Dark,1953,46036,0
3416,81984,Man In The Dark,1953,46036,0
3417,82008,Man In The Dark,1953,46036,0
3418,82032,Man In The Dark,1953,46036,0
3419,82056,Man In The Dark,1953,46036,0
3420,82080,Man In The Dark,1953,46036,0
3421,82104,Man In The Dark,1953,46036,0
3422,82128,Man In The Dark,1953,46036,0
3423,82152,Man In The Dark,1953,46036,0
3424,82176,Man In The Dark,1953,46036,0
3425,82200,Man In The Dark,1953,46036,0
3426,82224,Man In The Dark,1953,46036,0
3427,82248,Man In The Dark,1953,46036,0
3428,82272,Man In The Dark,1953,46036,0
3429,82296,Man In The Dark,1953,46036,0
3430,82320,Man In The Dark,1953,46036,0
3431,82344,Man In The Dark,1953,46036,0
3432,82368,Man In The Dark,1953,46036,0
3433,82392,Man In The Dark,1953,46036,0
3434,82416,Man In The Dark,1953,46036,0
3435,82440,Man In The Dark,1953,46036,0
3436,82464,Man In The Dark,1953,46036,0
3437,82488,Man In The Dark,1953,46036,0
3438,82512,Man In The Dark,1953,46036,0
3439,82536,Man In The Dark,1953,46036,0
3440,82560,Man In The Dark,1953,46036,0
3441,82584,Man In The Dark,1953,46036,0
3442,82608,Man In The Dark,1953,46036,0
3443,82632,Man In The Dark,1953,46036,0
3444,82656,Man In The Dark,1953,46036,0
3445,82680,Man In The Dark,1953,46036,0
3446,82704,Man In The Dark,1953,46036,0
3447,82728,Man In The Dark,1953,46036,0
3448,82752,Man In The Dark,1953,46036,0
3449,82776,Man In The Dark,1953,46036,0
3450,82800,Man In The Dark,1953,46036,0
3451,82824,Man In The Dark,1953,46036,0
3452,82848,Man In The Dark,1953,46036,0
3453,82872,Man In The Dark,1953,46036,0
3454,82896,Man In The Dark,1953,46036,0
3455,82920,Man In The Dark,1953,46036,0
3456,82944,Man In The Dark,1953,46036,0
3457,82968,Man In The Dark,1953,46036,0
3458,82992,Man In The Dark,1953,46036,1
3459,83016,Man In The Dark,1953,46036,0
3460,83040,Man In The Dark,1953,46036,0
3461,83064,Man In The Dark,1953,46036,0
3462,83088,Man In The Dark,1953,46036,0
3463,83112,Man In The Dark,1953,46036,0
3464,83136,Man In The Dark,1953,46036,0
3465,83160,Man In The Dark,1953,46036,0
3466,83184,Man In The Dark,1953,46036,0
3467,83208,Man In The Dark,1953,46036,0
3468,83232,Man In The Dark,1953,46036,0
3469,83256,Man In The Dark,1953,46036,0
3470,83280,Man In The Dark,1953,46036,0
3471,83304,Man In The Dark,1953,46036,0
3472,83328,Man In The Dark,1953,46036,0
3473,83352,Man In The Dark,1953,46036,0
3474,83376,Man In The Dark,1953,46036,0
3475,83400,Man In The Dark,1953,46036,0
3476,83424,Man In The Dark,1953,46036,0
3477,83448,Man In The Dark,1953,46036,0
3478,83472,Man In The Dark,1953,46036,0
3479,83496,Man In The Dark,1953,46036,1
3480,83520,Man In The Dark,1953,46036,0
3481,83544,Man In The Dark,1953,46036,1
3482,83568,Man In The Dark,1953,46036,1
3483,83592,Man In The Dark,1953,46036,1
3484,83616,Man In The Dark,1953,46036,1
3485,83640,Man In The Dark,1953,46036,0
3486,83664,Man In The Dark,1953,46036,0
3487,83688,Man In The Dark,1953,46036,0
3488,83712,Man In The Dark,1953,46036,0
3489,83736,Man In The Dark,1953,46036,0
3490,83760,Man In The Dark,1953,46036,0
3491,83784,Man In The Dark,1953,46036,0
3492,83808,Man In The Dark,1953,46036,0
3493,83832,Man In The Dark,1953,46036,0
3494,83856,Man In The Dark,1953,46036,0
3495,83880,Man In The Dark,1953,46036,0
3496,83904,Man In The Dark,1953,46036,0
3497,83928,Man In The Dark,1953,46036,0
3498,83952,Man In The Dark,1953,46036,0
3499,83976,Man In The Dark,1953,46036,0
3500,84000,Man In The Dark,1953,46036,0
3501,84024,Man In The Dark,1953,46036,0
3502,84048,Man In The Dark,1953,46036,0
3503,84072,Man In The Dark,1953,46036,0
3504,84096,Man In The Dark,1953,46036,0
3505,84120,Man In The Dark,1953,46036,0
3506,84144,Man In The Dark,1953,46036,0
3507,84168,Man In The Dark,1953,46036,0
3508,84192,Man In The Dark,1953,46036,0
3509,84216,Man In The Dark,1953,46036,0
3510,84240,Man In The Dark,1953,46036,0
3511,84264,Man In The Dark,1953,46036,0
3512,84288,Man In The Dark,1953,46036,0
3513,84312,Man In The Dark,1953,46036,0
3514,84336,Man In The Dark,1953,46036,0
3515,84360,Man In The Dark,1953,46036,0
3516,84384,Man In The Dark,1953,46036,0
3517,84408,Man In The Dark,1953,46036,0
3518,84432,Man In The Dark,1953,46036,0
3519,84456,Man In The Dark,1953,46036,0
3520,84480,Man In The Dark,1953,46036,0
3521,84504,Man In The Dark,1953,46036,0
3522,84528,Man In The Dark,1953,46036,0
3523,84552,Man In The Dark,1953,46036,0
3524,84576,Man In The Dark,1953,46036,0
3525,84600,Man In The Dark,1953,46036,0
3526,84624,Man In The Dark,1953,46036,0
3527,84648,Man In The Dark,1953,46036,0
3528,84672,Man In The Dark,1953,46036,1
3529,84696,Man In The Dark,1953,46036,1
3530,84720,Man In The Dark,1953,46036,1
3531,84744,Man In The Dark,1953,46036,1
3532,84768,Man In The Dark,1953,46036,1
3533,84792,Man In The Dark,1953,46036,1
3534,84816,Man In The Dark,1953,46036,0
3535,84840,Man In The Dark,1953,46036,1
3536,84864,Man In The Dark,1953,46036,1
3537,84888,Man In The Dark,1953,46036,0
3538,84912,Man In The Dark,1953,46036,0
3539,84936,Man In The Dark,1953,46036,0
3540,84960,Man In The Dark,1953,46036,0
3541,84984,Man In The Dark,1953,46036,0
3542,85008,Man In The Dark,1953,46036,0
3543,85032,Man In The Dark,1953,46036,0
3544,85056,Man In The Dark,1953,46036,0
3545,85080,Man In The Dark,1953,46036,0
3546,85104,Man In The Dark,1953,46036,0
3547,85128,Man In The Dark,1953,46036,0
3548,85152,Man In The Dark,1953,46036,0
3549,85176,Man In The Dark,1953,46036,0
3550,85200,Man In The Dark,1953,46036,1
3551,85224,Man In The Dark,1953,46036,0
3552,85248,Man In The Dark,1953,46036,1
3553,85272,Man In The Dark,1953,46036,0
3554,85296,Man In The Dark,1953,46036,0
3555,85320,Man In The Dark,1953,46036,0
3556,85344,Man In The Dark,1953,46036,0
3557,85368,Man In The Dark,1953,46036,0
3558,85392,Man In The Dark,1953,46036,0
3559,85416,Man In The Dark,1953,46036,0
3560,85440,Man In The Dark,1953,46036,0
3561,85464,Man In The Dark,1953,46036,0
3562,85488,Man In The Dark,1953,46036,0
3563,85512,Man In The Dark,1953,46036,0
3564,85536,Man In The Dark,1953,46036,0
3565,85560,Man In The Dark,1953,46036,0
3566,85584,Man In The Dark,1953,46036,0
3567,85608,Man In The Dark,1953,46036,0
3568,85632,Man In The Dark,1953,46036,0
3569,85656,Man In The Dark,1953,46036,0
3570,85680,Man In The Dark,1953,46036,0
3571,85704,Man In The Dark,1953,46036,0
3572,85728,Man In The Dark,1953,46036,0
3573,85752,Man In The Dark,1953,46036,0
3574,85776,Man In The Dark,1953,46036,0
3575,85800,Man In The Dark,1953,46036,0
3576,85824,Man In The Dark,1953,46036,0
3577,85848,Man In The Dark,1953,46036,0
3578,85872,Man In The Dark,1953,46036,0
3579,85896,Man In The Dark,1953,46036,0
3580,85920,Man In The Dark,1953,46036,0
3581,85944,Man In The Dark,1953,46036,0
3582,85968,Man In The Dark,1953,46036,0
3583,85992,Man In The Dark,1953,46036,0
3584,86016,Man In The Dark,1953,46036,0
3585,86040,Man In The Dark,1953,46036,0
3586,86064,Man In The Dark,1953,46036,0
3587,86088,Man In The Dark,1953,46036,0
3588,86112,Man In The Dark,1953,46036,0
3589,86136,Man In The Dark,1953,46036,0
3590,86160,Man In The Dark,1953,46036,0
3591,86184,Man In The Dark,1953,46036,0
3592,86208,Man In The Dark,1953,46036,0
3593,86232,Man In The Dark,1953,46036,0
3594,86256,Man In The Dark,1953,46036,0
3595,86280,Man In The Dark,1953,46036,0
3596,86304,Man In The Dark,1953,46036,0
3597,86328,Man In The Dark,1953,46036,1
3598,86352,Man In The Dark,1953,46036,0
3599,86376,Man In The Dark,1953,46036,0
3600,86400,Man In The Dark,1953,46036,0
3601,86424,Man In The Dark,1953,46036,0
3602,86448,Man In The Dark,1953,46036,0
3603,86472,Man In The Dark,1953,46036,0
3604,86496,Man In The Dark,1953,46036,0
3605,86520,Man In The Dark,1953,46036,0
3606,86544,Man In The Dark,1953,46036,0
3607,86568,Man In The Dark,1953,46036,0
3608,86592,Man In The Dark,1953,46036,0
3609,86616,Man In The Dark,1953,46036,0
3610,86640,Man In The Dark,1953,46036,0
3611,86664,Man In The Dark,1953,46036,0
3612,86688,Man In The Dark,1953,46036,0
3613,86712,Man In The Dark,1953,46036,0
3614,86736,Man In The Dark,1953,46036,1
3615,86760,Man In The Dark,1953,46036,0
3616,86784,Man In The Dark,1953,46036,0
3617,86808,Man In The Dark,1953,46036,0
3618,86832,Man In The Dark,1953,46036,0
3619,86856,Man In The Dark,1953,46036,0
3620,86880,Man In The Dark,1953,46036,0
3621,86904,Man In The Dark,1953,46036,1
3622,86928,Man In The Dark,1953,46036,0
3623,86952,Man In The Dark,1953,46036,0
3624,86976,Man In The Dark,1953,46036,0
3625,87000,Man In The Dark,1953,46036,0
3626,87024,Man In The Dark,1953,46036,0
3627,87048,Man In The Dark,1953,46036,0
3628,87072,Man In The Dark,1953,46036,0
3629,87096,Man In The Dark,1953,46036,0
3630,87120,Man In The Dark,1953,46036,0
3631,87144,Man In The Dark,1953,46036,0
3632,87168,Man In The Dark,1953,46036,0
3633,87192,Man In The Dark,1953,46036,0
3634,87216,Man In The Dark,1953,46036,0
3635,87240,Man In The Dark,1953,46036,0
3636,87264,Man In The Dark,1953,46036,0
3637,87288,Man In The Dark,1953,46036,0
3638,87312,Man In The Dark,1953,46036,0
3639,87336,Man In The Dark,1953,46036,0
3640,87360,Man In The Dark,1953,46036,0
3641,87384,Man In The Dark,1953,46036,0
3642,87408,Man In The Dark,1953,46036,0
3643,87432,Man In The Dark,1953,46036,0
3644,87456,Man In The Dark,1953,46036,0
3645,87480,Man In The Dark,1953,46036,0
3646,87504,Man In The Dark,1953,46036,0
3647,87528,Man In The Dark,1953,46036,0
3648,87552,Man In The Dark,1953,46036,0
3649,87576,Man In The Dark,1953,46036,0
3650,87600,Man In The Dark,1953,46036,0
3651,87624,Man In The Dark,1953,46036,0
3652,87648,Man In The Dark,1953,46036,0
3653,87672,Man In The Dark,1953,46036,0
3654,87696,Man In The Dark,1953,46036,0
3655,87720,Man In The Dark,1953,46036,0
3656,87744,Man In The Dark,1953,46036,0
3657,87768,Man In The Dark,1953,46036,0
3658,87792,Man In The Dark,1953,46036,0
3659,87816,Man In The Dark,1953,46036,0
3660,87840,Man In The Dark,1953,46036,0
3661,87864,Man In The Dark,1953,46036,0
3662,87888,Man In The Dark,1953,46036,0
3663,87912,Man In The Dark,1953,46036,0
3664,87936,Man In The Dark,1953,46036,0
3665,87960,Man In The Dark,1953,46036,0
3666,87984,Man In The Dark,1953,46036,0
3667,88008,Man In The Dark,1953,46036,0
3668,88032,Man In The Dark,1953,46036,0
3669,88056,Man In The Dark,1953,46036,0
3670,88080,Man In The Dark,1953,46036,1
3671,88104,Man In The Dark,1953,46036,1
3672,88128,Man In The Dark,1953,46036,1
3673,88152,Man In The Dark,1953,46036,0
3674,88176,Man In The Dark,1953,46036,0
3675,88200,Man In The Dark,1953,46036,0
3676,88224,Man In The Dark,1953,46036,0
3677,88248,Man In The Dark,1953,46036,0
3678,88272,Man In The Dark,1953,46036,0
3679,88296,Man In The Dark,1953,46036,0
3680,88320,Man In The Dark,1953,46036,0
3681,88344,Man In The Dark,1953,46036,0
3682,88368,Man In The Dark,1953,46036,0
3683,88392,Man In The Dark,1953,46036,0
3684,88416,Man In The Dark,1953,46036,0
3685,88440,Man In The Dark,1953,46036,0
3686,88464,Man In The Dark,1953,46036,0
3687,88488,Man In The Dark,1953,46036,0
3688,88512,Man In The Dark,1953,46036,1
3689,88536,Man In The Dark,1953,46036,0
3690,88560,Man In The Dark,1953,46036,0
3691,88584,Man In The Dark,1953,46036,0
3692,88608,Man In The Dark,1953,46036,0
3693,88632,Man In The Dark,1953,46036,0
3694,88656,Man In The Dark,1953,46036,0
3695,88680,Man In The Dark,1953,46036,0
3696,88704,Man In The Dark,1953,46036,0
3697,88728,Man In The Dark,1953,46036,0
3698,88752,Man In The Dark,1953,46036,0
3699,88776,Man In The Dark,1953,46036,0
3700,88800,Man In The Dark,1953,46036,0
3701,88824,Man In The Dark,1953,46036,0
3702,88848,Man In The Dark,1953,46036,0
3703,88872,Man In The Dark,1953,46036,0
3704,88896,Man In The Dark,1953,46036,0
3705,88920,Man In The Dark,1953,46036,0
3706,88944,Man In The Dark,1953,46036,0
3707,88968,Man In The Dark,1953,46036,0
3708,88992,Man In The Dark,1953,46036,0
3709,89016,Man In The Dark,1953,46036,0
3710,89040,Man In The Dark,1953,46036,0
3711,89064,Man In The Dark,1953,46036,0
3712,89088,Man In The Dark,1953,46036,0
3713,89112,Man In The Dark,1953,46036,0
3714,89136,Man In The Dark,1953,46036,0
3715,89160,Man In The Dark,1953,46036,0
3716,89184,Man In The Dark,1953,46036,0
3717,89208,Man In The Dark,1953,46036,0
3718,89232,Man In The Dark,1953,46036,0
3719,89256,Man In The Dark,1953,46036,0
3720,89280,Man In The Dark,1953,46036,0
3721,89304,Man In The Dark,1953,46036,0
3722,89328,Man In The Dark,1953,46036,0
3723,89352,Man In The Dark,1953,46036,0
3724,89376,Man In The Dark,1953,46036,0
3725,89400,Man In The Dark,1953,46036,1
3726,89424,Man In The Dark,1953,46036,0
3727,89448,Man In The Dark,1953,46036,0
3728,89472,Man In The Dark,1953,46036,0
3729,89496,Man In The Dark,1953,46036,0
3730,89520,Man In The Dark,1953,46036,0
3731,89544,Man In The Dark,1953,46036,0
3732,89568,Man In The Dark,1953,46036,0
3733,89592,Man In The Dark,1953,46036,0
3734,89616,Man In The Dark,1953,46036,0
3735,89640,Man In The Dark,1953,46036,0
3736,89664,Man In The Dark,1953,46036,0
3737,89688,Man In The Dark,1953,46036,0
3738,89712,Man In The Dark,1953,46036,0
3739,89736,Man In The Dark,1953,46036,0
3740,89760,Man In The Dark,1953,46036,0
3741,89784,Man In The Dark,1953,46036,0
3742,89808,Man In The Dark,1953,46036,0
3743,89832,Man In The Dark,1953,46036,0
3744,89856,Man In The Dark,1953,46036,0
3745,89880,Man In The Dark,1953,46036,0
3746,89904,Man In The Dark,1953,46036,0
3747,89928,Man In The Dark,1953,46036,0
3748,89952,Man In The Dark,1953,46036,0
3749,89976,Man In The Dark,1953,46036,0
3750,90000,Man In The Dark,1953,46036,0
3751,90024,Man In The Dark,1953,46036,0
3752,90048,Man In The Dark,1953,46036,0
3753,90072,Man In The Dark,1953,46036,0
3754,90096,Man In The Dark,1953,46036,0
3755,90120,Man In The Dark,1953,46036,0
3756,90144,Man In The Dark,1953,46036,0
3757,90168,Man In The Dark,1953,46036,0
3758,90192,Man In The Dark,1953,46036,0
3759,90216,Man In The Dark,1953,46036,0
3760,90240,Man In The Dark,1953,46036,0
3761,90264,Man In The Dark,1953,46036,0
3762,90288,Man In The Dark,1953,46036,0
3763,90312,Man In The Dark,1953,46036,0
3764,90336,Man In The Dark,1953,46036,0
3765,90360,Man In The Dark,1953,46036,0
3766,90384,Man In The Dark,1953,46036,0
3767,90408,Man In The Dark,1953,46036,0
3768,90432,Man In The Dark,1953,46036,0
3769,90456,Man In The Dark,1953,46036,0
3770,90480,Man In The Dark,1953,46036,0
3771,90504,Man In The Dark,1953,46036,0
3772,90528,Man In The Dark,1953,46036,0
3773,90552,Man In The Dark,1953,46036,0
3774,90576,Man In The Dark,1953,46036,0
3775,90600,Man In The Dark,1953,46036,0
3776,90624,Man In The Dark,1953,46036,0
3777,90648,Man In The Dark,1953,46036,0
3778,90672,Man In The Dark,1953,46036,0
3779,90696,Man In The Dark,1953,46036,0
3780,90720,Man In The Dark,1953,46036,0
3781,90744,Man In The Dark,1953,46036,0
3782,90768,Man In The Dark,1953,46036,0
3783,90792,Man In The Dark,1953,46036,0
3784,90816,Man In The Dark,1953,46036,0
3785,90840,Man In The Dark,1953,46036,0
3786,90864,Man In The Dark,1953,46036,0
3787,90888,Man In The Dark,1953,46036,0
3788,90912,Man In The Dark,1953,46036,0
3789,90936,Man In The Dark,1953,46036,0
3790,90960,Man In The Dark,1953,46036,0
3791,90984,Man In The Dark,1953,46036,0
3792,91008,Man In The Dark,1953,46036,0
3793,91032,Man In The Dark,1953,46036,0
3794,91056,Man In The Dark,1953,46036,0
3795,91080,Man In The Dark,1953,46036,0
3796,91104,Man In The Dark,1953,46036,0
3797,91128,Man In The Dark,1953,46036,0
3798,91152,Man In The Dark,1953,46036,0
3799,91176,Man In The Dark,1953,46036,0
3800,91200,Man In The Dark,1953,46036,0
3801,91224,Man In The Dark,1953,46036,0
3802,91248,Man In The Dark,1953,46036,0
3803,91272,Man In The Dark,1953,46036,0
3804,91296,Man In The Dark,1953,46036,0
3805,91320,Man In The Dark,1953,46036,0
3806,91344,Man In The Dark,1953,46036,0
3807,91368,Man In The Dark,1953,46036,0
3808,91392,Man In The Dark,1953,46036,0
3809,91416,Man In The Dark,1953,46036,0
3810,91440,Man In The Dark,1953,46036,1
3811,91464,Man In The Dark,1953,46036,0
3812,91488,Man In The Dark,1953,46036,0
3813,91512,Man In The Dark,1953,46036,0
3814,91536,Man In The Dark,1953,46036,0
3815,91560,Man In The Dark,1953,46036,0
3816,91584,Man In The Dark,1953,46036,0
3817,91608,Man In The Dark,1953,46036,0
3818,91632,Man In The Dark,1953,46036,0
3819,91656,Man In The Dark,1953,46036,0
3820,91680,Man In The Dark,1953,46036,0
3821,91704,Man In The Dark,1953,46036,0
3822,91728,Man In The Dark,1953,46036,0
3823,91752,Man In The Dark,1953,46036,0
3824,91776,Man In The Dark,1953,46036,0
3825,91800,Man In The Dark,1953,46036,0
3826,91824,Man In The Dark,1953,46036,0
3827,91848,Man In The Dark,1953,46036,0
3828,91872,Man In The Dark,1953,46036,0
3829,91896,Man In The Dark,1953,46036,0
3830,91920,Man In The Dark,1953,46036,0
3831,91944,Man In The Dark,1953,46036,0
3832,91968,Man In The Dark,1953,46036,0
3833,91992,Man In The Dark,1953,46036,0
3834,92016,Man In The Dark,1953,46036,0
3835,92040,Man In The Dark,1953,46036,0
3836,92064,Man In The Dark,1953,46036,0
3837,92088,Man In The Dark,1953,46036,0
3838,92112,Man In The Dark,1953,46036,0
3839,92136,Man In The Dark,1953,46036,0
3840,92160,Man In The Dark,1953,46036,0
3841,92184,Man In The Dark,1953,46036,0
3842,92208,Man In The Dark,1953,46036,0
3843,92232,Man In The Dark,1953,46036,0
3844,92256,Man In The Dark,1953,46036,0
3845,92280,Man In The Dark,1953,46036,0
3846,92304,Man In The Dark,1953,46036,0
3847,92328,Man In The Dark,1953,46036,0
3848,92352,Man In The Dark,1953,46036,0
3849,92376,Man In The Dark,1953,46036,0
3850,92400,Man In The Dark,1953,46036,0
3851,92424,Man In The Dark,1953,46036,0
3852,92448,Man In The Dark,1953,46036,0
3853,92472,Man In The Dark,1953,46036,0
3854,92496,Man In The Dark,1953,46036,0
3855,92520,Man In The Dark,1953,46036,0
3856,92544,Man In The Dark,1953,46036,0
3857,92568,Man In The Dark,1953,46036,0
3858,92592,Man In The Dark,1953,46036,0
3859,92616,Man In The Dark,1953,46036,0
3860,92640,Man In The Dark,1953,46036,0
3861,92664,Man In The Dark,1953,46036,0
3862,92688,Man In The Dark,1953,46036,0
3863,92712,Man In The Dark,1953,46036,0
3864,92736,Man In The Dark,1953,46036,0
3865,92760,Man In The Dark,1953,46036,0
3866,92784,Man In The Dark,1953,46036,0
3867,92808,Man In The Dark,1953,46036,0
3868,92832,Man In The Dark,1953,46036,0
3869,92856,Man In The Dark,1953,46036,0
3870,92880,Man In The Dark,1953,46036,0
3871,92904,Man In The Dark,1953,46036,0
3872,92928,Man In The Dark,1953,46036,0
3873,92952,Man In The Dark,1953,46036,0
3874,92976,Man In The Dark,1953,46036,0
3875,93000,Man In The Dark,1953,46036,0
3876,93024,Man In The Dark,1953,46036,0
3877,93048,Man In The Dark,1953,46036,0
3878,93072,Man In The Dark,1953,46036,0
3879,93096,Man In The Dark,1953,46036,0
3880,93120,Man In The Dark,1953,46036,0
3881,93144,Man In The Dark,1953,46036,0
3882,93168,Man In The Dark,1953,46036,0
3883,93192,Man In The Dark,1953,46036,0
3884,93216,Man In The Dark,1953,46036,0
3885,93240,Man In The Dark,1953,46036,0
3886,93264,Man In The Dark,1953,46036,0
3887,93288,Man In The Dark,1953,46036,0
3888,93312,Man In The Dark,1953,46036,0
3889,93336,Man In The Dark,1953,46036,0
3890,93360,Man In The Dark,1953,46036,0
3891,93384,Man In The Dark,1953,46036,0
3892,93408,Man In The Dark,1953,46036,0
3893,93432,Man In The Dark,1953,46036,0
3894,93456,Man In The Dark,1953,46036,0
3895,93480,Man In The Dark,1953,46036,0
3896,93504,Man In The Dark,1953,46036,0
3897,93528,Man In The Dark,1953,46036,0
3898,93552,Man In The Dark,1953,46036,0
3899,93576,Man In The Dark,1953,46036,0
3900,93600,Man In The Dark,1953,46036,0
3901,93624,Man In The Dark,1953,46036,0
3902,93648,Man In The Dark,1953,46036,0
3903,93672,Man In The Dark,1953,46036,0
3904,93696,Man In The Dark,1953,46036,0
3905,93720,Man In The Dark,1953,46036,0
3906,93744,Man In The Dark,1953,46036,0
3907,93768,Man In The Dark,1953,46036,0
3908,93792,Man In The Dark,1953,46036,0
3909,93816,Man In The Dark,1953,46036,0
3910,93840,Man In The Dark,1953,46036,0
3911,93864,Man In The Dark,1953,46036,0
3912,93888,Man In The Dark,1953,46036,0
3913,93912,Man In The Dark,1953,46036,0
3914,93936,Man In The Dark,1953,46036,0
3915,93960,Man In The Dark,1953,46036,0
3916,93984,Man In The Dark,1953,46036,0
3917,94008,Man In The Dark,1953,46036,0
3918,94032,Man In The Dark,1953,46036,0
3919,94056,Man In The Dark,1953,46036,0
3920,94080,Man In The Dark,1953,46036,1
3921,94104,Man In The Dark,1953,46036,1
3922,94128,Man In The Dark,1953,46036,1
3923,94152,Man In The Dark,1953,46036,1
3924,94176,Man In The Dark,1953,46036,1
3925,94200,Man In The Dark,1953,46036,1
3926,94224,Man In The Dark,1953,46036,1
3927,94248,Man In The Dark,1953,46036,1
3928,94272,Man In The Dark,1953,46036,0
3929,94296,Man In The Dark,1953,46036,0
3930,94320,Man In The Dark,1953,46036,0
3931,94344,Man In The Dark,1953,46036,0
3932,94368,Man In The Dark,1953,46036,0
3933,94392,Man In The Dark,1953,46036,0
3934,94416,Man In The Dark,1953,46036,0
3935,94440,Man In The Dark,1953,46036,0
3936,94464,Man In The Dark,1953,46036,0
3937,94488,Man In The Dark,1953,46036,0
3938,94512,Man In The Dark,1953,46036,0
3939,94536,Man In The Dark,1953,46036,0
3940,94560,Man In The Dark,1953,46036,0
3941,94584,Man In The Dark,1953,46036,0
3942,94608,Man In The Dark,1953,46036,0
3943,94632,Man In The Dark,1953,46036,1
3944,94656,Man In The Dark,1953,46036,0
3945,94680,Man In The Dark,1953,46036,0
3946,94704,Man In The Dark,1953,46036,0
3947,94728,Man In The Dark,1953,46036,0
3948,94752,Man In The Dark,1953,46036,0
3949,94776,Man In The Dark,1953,46036,0
3950,94800,Man In The Dark,1953,46036,0
3951,94824,Man In The Dark,1953,46036,0
3952,94848,Man In The Dark,1953,46036,0
3953,94872,Man In The Dark,1953,46036,0
3954,94896,Man In The Dark,1953,46036,0
3955,94920,Man In The Dark,1953,46036,0
3956,94944,Man In The Dark,1953,46036,0
3957,94968,Man In The Dark,1953,46036,0
3958,94992,Man In The Dark,1953,46036,1
3959,95016,Man In The Dark,1953,46036,1
3960,95040,Man In The Dark,1953,46036,1
3961,95064,Man In The Dark,1953,46036,0
3962,95088,Man In The Dark,1953,46036,0
3963,95112,Man In The Dark,1953,46036,0
3964,95136,Man In The Dark,1953,46036,1
3965,95160,Man In The Dark,1953,46036,1
3966,95184,Man In The Dark,1953,46036,1
3967,95208,Man In The Dark,1953,46036,1
3968,95232,Man In The Dark,1953,46036,1
3969,95256,Man In The Dark,1953,46036,1
3970,95280,Man In The Dark,1953,46036,1
3971,95304,Man In The Dark,1953,46036,0
3972,95328,Man In The Dark,1953,46036,0
3973,95352,Man In The Dark,1953,46036,0
3974,95376,Man In The Dark,1953,46036,0
3975,95400,Man In The Dark,1953,46036,0
3976,95424,Man In The Dark,1953,46036,0
3977,95448,Man In The Dark,1953,46036,0
3978,95472,Man In The Dark,1953,46036,0
3979,95496,Man In The Dark,1953,46036,1
3980,95520,Man In The Dark,1953,46036,1
3981,95544,Man In The Dark,1953,46036,0
3982,95568,Man In The Dark,1953,46036,0
3983,95592,Man In The Dark,1953,46036,0
3984,95616,Man In The Dark,1953,46036,0
3985,95640,Man In The Dark,1953,46036,0
3986,95664,Man In The Dark,1953,46036,0
3987,95688,Man In The Dark,1953,46036,0
3988,95712,Man In The Dark,1953,46036,1
3989,95736,Man In The Dark,1953,46036,0
3990,95760,Man In The Dark,1953,46036,0
3991,95784,Man In The Dark,1953,46036,0
3992,95808,Man In The Dark,1953,46036,0
3993,95832,Man In The Dark,1953,46036,0
3994,95856,Man In The Dark,1953,46036,0
3995,95880,Man In The Dark,1953,46036,0
3996,95904,Man In The Dark,1953,46036,0
3997,95928,Man In The Dark,1953,46036,1
3998,95952,Man In The Dark,1953,46036,1
3999,95976,Man In The Dark,1953,46036,1
4000,96000,Man In The Dark,1953,46036,1
4001,96024,Man In The Dark,1953,46036,0
4002,96048,Man In The Dark,1953,46036,0
4003,96072,Man In The Dark,1953,46036,0
4004,96096,Man In The Dark,1953,46036,0
4005,96120,Man In The Dark,1953,46036,0
4006,96144,Man In The Dark,1953,46036,0
4007,96168,Man In The Dark,1953,46036,0
4008,96192,Man In The Dark,1953,46036,0
4009,96216,Man In The Dark,1953,46036,0
4010,96240,Man In The Dark,1953,46036,0
4011,96264,Man In The Dark,1953,46036,0
4012,96288,Man In The Dark,1953,46036,0
4013,96312,Man In The Dark,1953,46036,1
4014,96336,Man In The Dark,1953,46036,1
4015,96360,Man In The Dark,1953,46036,0
4016,96384,Man In The Dark,1953,46036,0
4017,96408,Man In The Dark,1953,46036,0
4018,96432,Man In The Dark,1953,46036,0
4019,96456,Man In The Dark,1953,46036,0
4020,96480,Man In The Dark,1953,46036,0
4021,96504,Man In The Dark,1953,46036,0
4022,96528,Man In The Dark,1953,46036,0
4023,96552,Man In The Dark,1953,46036,0
4024,96576,Man In The Dark,1953,46036,0
4025,96600,Man In The Dark,1953,46036,0
4026,96624,Man In The Dark,1953,46036,0
4027,96648,Man In The Dark,1953,46036,0
4028,96672,Man In The Dark,1953,46036,0
4029,96696,Man In The Dark,1953,46036,0
4030,96720,Man In The Dark,1953,46036,0
4031,96744,Man In The Dark,1953,46036,0
4032,96768,Man In The Dark,1953,46036,0
4033,96792,Man In The Dark,1953,46036,0
4034,96816,Man In The Dark,1953,46036,0
4035,96840,Man In The Dark,1953,46036,0
4036,96864,Man In The Dark,1953,46036,0
4037,96888,Man In The Dark,1953,46036,0
4038,96912,Man In The Dark,1953,46036,0
4039,96936,Man In The Dark,1953,46036,0
